154200;
101400;
40100;
33500;
35000;
34100;
35200;
35600;
36600;
34600;
57100;
55700;
54600;
54900;
55500;
57000;
55800;
55100;
54700;
54900;
54400;
55000;
55500;
55700;
54900;
54500;
55000;
56600;
58200;
61800;
54800;
65700;
135000;
54800;
57400;
54700;
58000;
53600;
54800;
55000;
54800;
56100;
55000;
54700;
55000;
54900;
57000;
54600;
57700;
56400;
56800;
55100;
54800;
54700;
54800;
54900;
54600;
54500;
54800;
54700;
55400;
55100;
54800;
54800;
54800;
55600;
54700;
54700;
64400;
55000;
54500;
57200;
63700;
59900;
60100;
59900;
59400;
59500;
57300;
54400;
54300;
54900;
61500;
59600;
54400;
54900;
55700;
57100;
56800;
56700;
55400;
62100;
56100;
57800;
57500;
64100;
67000;
64700;
56000;
54600;
75800;
77000;
76600;
76300;
76300;
75900;
76500;
79500;
77800;
76700;
76400;
76100;
76500;
76300;
77000;
76400;
80700;
77200;
77100;
76500;
76400;
76700;
76600;
76400;
76600;
76300;
76400;
77700;
76300;
76500;
81500;
78300;
76600;
76500;
76000;
76200;
76000;
76200;
84200;
76600;
76400;
81000;
83400;
84900;
85400;
84700;
81400;
76400;
76100;
76300;
76200;
76200;
76500;
76000;
76200;
76800;
77800;
76500;
80700;
79100;
76400;
76700;
76100;
76100;
89000;
77600;
76000;
76500;
76100;
81700;
76000;
75900;
76100;
76100;
75900;
76400;
76100;
76000;
82900;
86000;
77100;
76300;
76300;
76000;
76200;
76300;
76000;
76100;
76400;
76500;
81000;
76200;
76900;
80800;
86400;
81700;
77800;
77000;
80500;
76600;
78500;
76400;
77100;
82300;
81000;
80000;
77200;
76800;
83100;
76600;
80200;
76700;
76700;
76800;
76700;
80100;
80000;
77600;
77200;
76800;
77000;
79600;
76600;
76500;
76800;
76500;
76600;
76300;
80800;
77500;
76700;
77500;
77100;
79400;
84300;
84200;
84900;
84000;
83900;
83800;
84600;
94300;
90600;
84300;
80800;
76600;
77000;
76700;
77900;
76700;
76500;
77600;
79800;
86100;
81500;
85300;
80500;
76600;
76100;
76800;
76200;
788000;
78300;
90500;
84800;
77600;
77000;
76500;
76800;
76500;
76600;
78200;
78500;
78400;
77000;
76300;
77400;
76600;
76800;
76800;
76800;
76600;
78900;
76900;
77700;
76600;
76600;
76600;
76900;
80500;
81600;
80600;
77200;
78400;
81600;
77100;
83100;
77300;
77800;
77300;
77300;
77400;
77500;
77500;
77600;
82800;
77600;
77600;
77200;
76600;
76900;
76500;
76800;
76700;
76800;
78700;
77800;
77100;
76900;
76700;
76700;
88000;
85300;
85700;
85100;
88300;
82300;
76900;
76600;
77200;
77600;
77000;
77100;
76800;
80600;
78000;
80100;
76900;
76900;
76900;
76900;
77100;
76800;
77100;
77000;
77200;
84000;
78500;
77000;
76900;
76900;
77900;
81600;
84200;
86700;
87000;
91100;
86600;
83900;
84900;
77300;
76900;
78700;
77200;
78900;
78400;
88300;
85400;
79700;
77600;
85700;
79000;
79100;
77500;
78100;
76500;
76700;
77800;
77200;
76600;
98800;
83900;
81300;
88000;
88100;
82800;
82100;
79300;
77600;
77700;
78500;
83800;
87400;
77500;
80100;
79700;
81100;
79700;
80900;
82600;
83000;
80500;
79400;
80400;
78700;
79500;
80500;
80200;
83100;
77600;
106000;
412600;
80900;
80700;
86200;
79800;
80300;
81500;
87100;
79500;
79300;
80900;
79600;
77100;
77800;
77000;
79700;
83100;
78000;
78200;
79500;
79700;
79800;
78300;
77800;
78400;
78400;
80900;
81500;
77300;
86200;
85600;
81800;
80600;
83700;
81200;
80200;
88000;
77600;
78200;
80000;
77100;
80100;
80100;
78700;
78300;
79600;
81500;
80100;
80800;
79700;
77300;
76800;
79900;
82500;
80100;
79400;
85000;
80200;
80100;
82100;
81500;
79400;
80900;
78300;
77900;
80600;
81800;
83100;
82000;
80500;
78600;
81600;
79200;
78400;
81000;
81400;
80500;
78400;
82700;
84300;
80800;
81800;
77300;
78300;
80900;
77300;
77300;
78500;
77100;
77000;
80100;
81900;
82800;
80300;
85600;
82400;
80500;
79400;
82700;
82000;
79000;
79900;
79600;
79600;
80000;
82500;
86200;
81200;
80200;
81200;
79700;
77400;
78300;
78000;
79400;
80400;
79700;
81500;
82200;
81100;
79900;
77600;
76700;
80700;
78400;
79800;
79000;
79100;
80400;
77400;
77800;
77500;
79600;
79400;
81000;
79800;
79600;
84100;
80600;
81700;
79600;
78000;
78800;
77800;
77200;
78200;
77400;
82200;
81300;
79300;
79300;
86100;
91900;
563500;
79400;
80500;
81300;
81200;
77900;
90900;
84300;
81000;
81600;
80400;
78000;
77700;
77700;
81800;
77800;
77500;
77700;
78700;
78100;
84100;
83700;
81700;
78400;
83100;
78300;
77900;
79900;
77500;
80500;
80100;
81400;
82200;
79700;
80900;
79900;
77400;
81700;
80300;
80200;
77700;
77300;
77100;
82100;
79900;
82700;
77600;
82200;
81900;
83400;
81100;
76500;
77700;
80400;
82400;
86100;
82900;
88800;
86300;
80000;
79400;
78600;
80300;
76600;
78400;
79800;
80700;
79700;
78100;
83200;
84800;
78300;
81800;
82000;
80200;
82300;
79700;
78600;
83500;
86600;
80300;
81200;
82200;
77700;
79500;
82500;
80600;
78900;
77500;
80000;
80200;
84600;
82400;
79100;
80400;
91400;
78000;
80900;
78300;
78300;
79400;
77800;
77700;
77800;
77400;
77600;
77600;
77400;
77700;
77500;
86100;
77700;
78400;
77800;
78000;
78300;
78800;
78000;
77900;
78100;
77600;
83400;
85900;
82400;
77200;
77100;
77500;
77200;
77300;
82100;
85900;
82200;
80400;
84100;
81800;
77500;
77000;
77400;
77300;
77100;
80100;
90300;
87600;
86200;
86400;
86800;
86200;
86100;
86200;
91600;
447900;
80000;
79900;
77400;
77300;
76900;
81900;
77100;
76700;
76800;
76700;
79500;
79900;
77000;
76700;
76700;
76800;
77700;
77000;
76900;
76600;
77400;
77300;
79600;
82300;
77100;
77400;
77800;
77200;
77200;
76600;
76400;
76400;
76600;
76400;
76500;
76600;
76400;
83200;
76500;
76800;
76900;
77800;
85400;
85300;
82300;
77100;
76500;
81400;
76500;
76900;
76800;
76800;
76500;
76800;
76800;
76600;
76700;
87400;
83400;
77000;
76600;
76700;
76500;
76300;
76800;
76900;
76800;
76800;
78000;
77000;
80800;
77600;
76900;
76800;
76800;
77300;
77000;
77200;
81900;
77200;
77300;
77800;
77000;
77100;
77200;
83000;
86500;
86300;
88700;
84800;
77600;
77200;
77400;
77000;
77000;
77300;
77000;
76900;
76900;
78000;
83000;
77200;
77100;
76900;
77100;
77200;
77300;
76900;
77100;
100400;
77500;
77000;
77000;
76900;
76700;
77100;
77200;
76700;
77100;
76700;
76800;
78800;
77800;
77600;
77600;
78200;
77900;
78000;
78100;
78100;
79700;
77600;
77500;
76900;
81200;
77300;
77500;
77700;
77400;
77400;
78200;
77700;
76800;
77200;
76800;
77100;
87000;
89500;
86000;
91100;
90700;
93100;
98100;
86300;
86300;
86200;
86200;
86400;
86200;
565300;
78600;
79200;
82300;
79400;
88700;
80900;
79100;
82000;
80700;
78300;
85000;
78600;
77900;
80700;
80300;
77700;
77700;
77600;
77900;
77800;
77600;
77600;
77500;
79700;
77600;
77200;
80800;
77800;
77400;
77700;
77200;
77400;
77300;
78000;
77900;
78500;
78000;
77900;
77900;
78000;
78000;
79600;
78200;
78300;
83100;
94400;
90800;
87800;
87200;
93800;
80100;
78200;
77900;
77700;
77800;
80400;
77800;
77800;
77900;
81800;
78900;
82100;
78300;
77600;
77900;
79700;
77500;
78000;
78700;
78200;
77900;
78200;
77800;
78000;
78000;
78000;
79100;
95700;
91200;
90200;
97300;
102400;
95000;
79900;
79300;
93400;
84100;
82700;
82400;
86600;
86000;
84600;
80500;
86600;
78400;
83400;
84300;
81100;
78500;
79100;
92500;
79400;
82000;
80400;
89800;
87900;
85300;
90000;
89100;
95500;
88600;
86900;
89300;
83000;
84800;
81100;
78900;
79200;
83500;
79700;
79400;
80300;
78900;
78800;
78900;
100300;
100000;
99600;
102600;
102800;
100100;
100600;
99800;
100200;
99700;
99600;
103000;
99400;
100400;
113500;
106500;
99800;
100100;
100400;
100400;
528300;
112200;
112100;
111400;
112900;
111900;
111400;
112500;
111500;
104700;
99200;
99800;
100700;
99500;
99300;
99700;
102100;
114300;
113200;
110400;
114600;
116300;
102400;
99800;
102400;
100100;
99500;
99500;
100000;
99800;
99700;
100100;
102100;
100200;
99900;
104400;
100300;
101000;
100500;
99800;
100100;
100400;
100600;
99800;
100200;
100100;
99700;
99700;
100100;
106500;
99900;
100300;
99600;
99600;
99600;
100200;
99700;
99900;
104500;
106900;
100300;
108700;
100100;
100100;
100300;
100300;
100100;
101300;
100200;
100000;
103000;
102500;
101200;
100100;
111200;
99900;
100200;
99500;
99500;
99800;
99800;
99700;
100000;
99800;
100300;
100600;
100600;
100700;
100300;
100800;
100200;
101800;
100200;
99700;
99300;
99100;
99200;
100000;
99200;
98800;
99400;
99300;
99400;
99500;
115300;
104300;
99800;
104000;
101700;
100700;
98800;
99400;
101000;
99100;
99000;
99300;
99600;
99100;
104200;
98800;
98900;
102400;
98700;
98900;
98600;
99100;
98900;
105000;
99500;
652800;
115700;
109400;
99600;
105400;
99100;
99000;
98700;
98800;
99000;
99300;
99500;
99600;
99500;
99600;
99500;
99500;
99600;
99700;
104000;
99300;
101200;
98800;
99100;
98900;
99100;
105900;
101800;
499800;
99100;
98600;
98400;
99400;
99200;
101100;
100100;
99200;
98900;
98700;
98700;
98900;
98900;
99000;
102700;
99000;
98700;
98900;
98900;
98700;
99400;
99000;
98600;
100600;
98900;
98800;
99000;
99100;
99100;
397100;
98900;
98500;
98300;
98400;
98400;
98200;
98200;
98100;
98100;
98400;
98300;
98200;
101500;
117700;
116300;
108700;
99800;
98700;
98800;
98700;
98600;
99400;
99300;
99200;
101000;
98900;
98800;
98900;
99300;
406300;
101200;
99600;
99400;
99200;
99300;
99300;
99200;
99900;
101300;
99100;
99400;
99200;
99200;
99100;
99200;
98600;
98400;
99000;
98400;
98400;
98500;
98200;
98600;
98700;
98500;
100100;
99200;
98300;
98700;
378400;
99700;
98300;
661000;
99700;
99200;
101400;
145700;
124100;
122300;
99900;
99200;
100000;
99500;
106000;
99400;
99600;
99100;
99200;
99100;
99700;
99800;
101900;
99600;
99700;
99300;
99600;
99500;
100900;
101400;
459300;
99600;
99300;
99700;
99400;
99400;
103800;
99500;
99100;
98700;
98700;
98600;
99400;
108800;
99400;
100500;
99700;
104600;
99100;
99300;
99400;
99600;
99300;
107400;
99600;
99900;
99600;
99600;
102200;
99600;
462700;
99500;
99200;
99100;
98900;
99800;
100000;
101900;
100300;
100200;
100700;
100100;
100200;
100200;
99600;
99500;
99500;
99100;
99300;
98600;
99400;
98900;
99300;
98500;
99700;
110400;
98800;
102600;
98700;
98700;
384900;
110200;
109100;
111600;
109100;
108600;
109500;
112500;
113000;
100500;
99500;
99300;
99400;
99300;
100200;
99800;
102500;
100800;
100100;
100100;
100100;
100000;
100200;
99700;
99600;
115900;
99300;
99200;
99300;
99500;
385900;
681000;
99600;
98700;
107800;
104300;
98500;
98800;
98500;
98600;
98500;
98500;
109500;
100200;
99200;
99100;
99300;
98800;
99100;
99700;
99500;
100800;
100000;
99900;
103200;
100800;
99600;
99600;
99600;
99500;
450900;
100700;
124900;
114200;
115000;
132700;
129900;
108900;
102800;
101700;
103200;
101500;
101700;
101800;
100800;
148800;
162500;
149700;
160500;
151300;
156000;
156600;
152500;
131300;
155600;
150000;
162900;
164200;
99800;
174200;
508200;
100600;
99800;
99900;
100700;
100700;
101500;
100400;
99700;
100200;
101200;
101400;
102200;
109800;
102600;
101500;
105100;
107100;
102600;
101200;
100200;
99800;
100400;
100000;
99900;
99700;
100000;
100000;
99900;
99700;
408800;
100200;
100200;
99700;
99200;
99700;
114600;
99900;
99600;
108900;
99800;
99200;
99800;
99600;
809300;
101100;
99700;
99400;
99200;
100500;
99600;
99700;
99300;
99700;
99500;
99100;
99200;
102600;
99100;
99400;
404900;
99600;
99500;
100000;
99100;
99200;
99100;
99000;
99700;
99800;
99700;
100600;
99600;
99600;
99500;
99400;
99300;
99500;
99500;
99700;
102000;
100200;
111000;
99800;
102800;
99600;
100100;
99000;
111300;
103800;
430700;
100700;
99800;
100300;
103000;
99800;
99700;
100200;
99800;
100100;
99900;
99700;
100300;
99900;
99800;
99900;
99900;
99800;
99900;
99800;
99600;
103100;
99600;
99600;
99500;
109700;
111800;
101500;
109800;
99100;
388800;
99500;
99100;
99100;
109300;
99800;
99800;
99600;
99300;
99300;
99100;
99200;
99100;
115100;
104400;
102400;
106500;
100000;
103700;
99800;
100000;
101800;
99400;
99500;
99700;
99500;
99500;
100400;
100200;
101300;
428100;
100700;
100800;
99800;
99700;
792700;
111100;
113100;
111900;
111200;
111300;
110700;
111300;
100300;
100000;
100200;
102100;
102100;
119500;
107600;
109300;
99900;
100000;
106300;
108100;
120300;
103000;
100500;
102500;
103900;
149600;
572000;
114700;
101600;
100100;
100300;
99700;
100000;
99800;
99700;
102400;
106500;
106100;
105800;
116500;
129200;
125500;
125100;
124800;
115400;
112000;
112100;
111700;
111600;
112100;
118100;
101300;
100800;
100400;
113800;
568000;
102400;
109200;
103900;
100700;
100500;
100600;
101500;
100200;
100400;
100600;
100100;
100800;
101000;
100500;
99900;
106400;
100000;
100500;
99900;
99900;
100000;
100100;
99400;
114000;
110300;
101000;
100900;
104200;
102100;
417100;
101000;
100000;
109800;
100400;
100000;
100200;
100200;
102100;
99700;
99900;
100000;
100000;
110500;
100500;
100600;
101300;
116800;
111400;
100100;
100200;
100000;
100500;
100200;
99600;
100400;
100000;
99800;
628400;
100500;
429600;
101200;
100900;
100600;
104900;
101900;
100700;
101100;
102000;
101200;
100700;
100600;
100400;
100700;
100100;
99800;
100900;
100200;
100000;
100000;
100000;
100000;
99800;
99400;
99300;
99400;
105000;
112100;
111900;
111700;
484800;
100300;
99400;
99500;
99300;
100100;
99900;
100200;
102200;
101900;
100600;
100200;
100300;
100200;
100300;
100400;
101300;
100200;
100000;
100000;
100000;
100200;
100300;
99600;
99300;
102500;
99500;
99500;
99400;
111700;
403500;
100200;
99600;
99400;
99300;
99600;
99200;
99400;
101000;
99900;
99700;
104200;
100300;
100000;
99500;
109500;
103700;
100800;
99200;
99500;
99400;
99600;
99500;
99900;
100300;
109500;
100400;
100700;
99600;
99800;
389000;
102200;
100400;
101300;
100300;
100300;
100300;
100100;
99800;
99500;
99400;
99600;
99900;
99600;
100000;
99900;
99900;
99500;
770300;
99800;
99500;
102900;
99400;
100400;
107400;
101900;
100800;
101000;
105300;
102600;
431700;
101300;
99700;
100900;
100600;
104600;
100400;
100200;
100500;
100800;
99600;
100400;
100000;
102600;
106500;
100300;
100300;
100200;
99900;
100200;
99600;
99600;
100300;
99500;
100000;
100000;
99900;
99600;
99300;
99500;
387900;
99700;
99400;
105400;
104800;
99800;
108100;
99500;
99700;
99800;
109700;
114800;
112600;
105200;
109500;
104300;
100100;
99900;
100000;
99800;
99900;
100600;
101400;
100400;
100400;
100300;
100400;
100100;
100800;
103800;
393500;
100200;
99900;
99700;
99600;
99800;
99800;
101700;
99500;
99600;
99500;
99500;
99400;
99600;
99800;
100500;
99500;
99700;
99400;
99700;
99800;
99900;
99700;
100000;
104000;
99200;
99300;
99400;
109500;
114200;
477400;
100700;
102800;
99900;
100000;
100100;
100200;
100500;
100100;
100200;
100300;
744100;
100600;
100300;
103500;
100600;
100000;
100000;
99900;
99700;
99900;
99800;
101500;
100100;
100200;
100000;
100700;
100400;
100600;
100500;
422700;
101100;
100200;
99800;
99700;
100000;
101200;
100200;
112400;
100300;
99900;
105900;
110600;
105100;
101000;
100900;
99700;
100100;
99900;
99900;
99800;
100100;
99800;
104800;
100000;
100000;
99900;
99900;
99700;
99800;
384000;
105600;
100200;
99900;
99800;
100100;
99900;
101400;
99700;
99800;
99500;
110400;
112100;
100200;
103700;
100200;
99700;
99900;
99800;
100100;
99600;
99600;
99500;
104200;
99700;
100700;
100400;
99900;
100100;
109200;
388000;
100400;
103700;
100400;
100500;
100300;
100200;
103000;
100800;
100500;
100500;
100400;
100800;
100500;
100400;
100700;
100700;
100300;
100300;
100100;
100900;
100100;
100100;
100000;
101100;
100600;
99900;
100100;
100100;
100400;
380800;
100500;
100300;
100100;
100500;
100300;
100200;
100100;
100100;
711800;
106200;
97400;
115000;
98500;
99000;
99000;
99200;
100600;
100200;
100100;
102900;
100900;
100500;
100600;
100300;
108900;
103500;
99000;
104900;
98800;
387600;
99400;
98700;
98400;
121200;
98900;
98800;
98800;
98700;
98700;
99000;
99100;
99900;
98600;
98500;
98800;
103000;
98900;
98700;
98900;
98500;
102700;
99000;
99300;
98500;
99200;
99200;
98600;
102800;
105100;
383200;
99200;
100400;
99400;
99200;
99000;
98900;
98900;
98800;
99100;
99000;
99600;
99300;
99500;
100000;
99500;
99600;
99200;
99500;
99200;
98700;
98800;
98700;
99900;
98900;
99100;
99200;
98800;
98900;
98900;
379100;
99700;
98600;
98900;
98900;
99000;
99000;
100400;
126100;
109000;
111400;
101500;
121300;
111300;
106600;
99000;
99400;
99100;
99000;
98600;
104600;
99000;
98500;
99900;
99500;
99500;
99400;
99400;
99400;
99300;
417300;
101000;
100200;
100900;
725100;
99700;
99600;
100400;
99200;
99700;
99700;
99500;
99600;
99500;
99400;
99500;
101600;
99500;
100200;
99800;
99600;
100100;
99600;
99700;
106700;
114000;
111800;
108800;
99500;
103200;
393900;
100500;
100000;
100100;
99600;
100700;
99900;
99600;
101700;
99600;
100300;
100300;
100300;
101100;
99800;
100700;
100400;
101800;
100300;
99600;
99400;
99700;
99700;
100000;
99500;
108100;
102200;
99300;
99600;
101900;
383200;
99600;
100400;
99700;
99500;
103900;
99700;
99800;
99800;
99500;
99700;
106600;
100300;
99800;
106400;
99800;
99500;
99300;
99800;
100200;
100600;
100100;
101600;
100300;
100500;
100200;
100200;
100300;
99600;
100000;
387200;
100200;
100100;
100000;
99800;
99600;
99600;
99800;
99700;
99800;
99700;
99700;
99800;
99800;
99800;
101700;
100300;
100000;
100200;
100000;
99900;
100100;
100300;
100000;
100800;
100000;
99900;
99900;
99900;
100000;
672000;
543700;
104200;
100500;
101100;
100700;
107200;
103300;
103400;
100200;
104900;
100500;
100300;
99800;
100500;
109100;
100100;
99400;
99600;
99600;
99400;
99300;
99400;
103900;
99700;
99400;
99600;
99600;
100300;
99700;
393200;
100900;
99600;
100000;
99700;
100000;
99500;
99600;
100700;
100000;
106100;
100200;
100400;
104100;
102200;
104300;
103000;
100500;
100500;
100400;
100300;
100400;
100500;
101000;
101800;
99900;
100000;
99800;
99800;
99600;
381000;
100200;
100300;
99600;
99600;
99700;
99600;
100300;
100100;
100300;
100000;
99600;
99900;
100100;
99900;
99700;
99600;
99700;
99800;
99600;
99700;
99600;
99500;
99600;
99600;
99800;
105500;
106000;
99500;
115600;
380500;
100600;
114800;
100000;
99800;
99600;
99700;
99800;
99900;
99900;
100600;
99900;
100300;
100300;
104300;
105300;
100600;
100400;
105600;
101300;
101100;
99800;
99800;
100300;
100300;
100200;
100300;
698400;
103000;
100800;
403100;
101700;
104300;
102400;
100700;
100900;
109800;
100900;
100800;
105300;
119600;
113800;
113300;
120100;
110200;
106400;
101100;
101000;
101100;
100900;
100700;
105200;
102900;
101100;
101100;
101400;
101100;
100900;
101200;
101400;
438900;
101500;
101200;
101500;
101100;
100700;
102800;
105100;
102800;
99700;
106900;
99900;
99600;
99900;
100000;
99700;
100000;
99600;
100600;
104100;
100100;
99900;
100000;
99600;
100100;
99700;
100300;
119800;
113800;
107500;
408800;
100900;
101400;
100100;
100100;
100500;
100400;
100600;
100200;
100700;
100900;
101900;
100700;
100700;
100700;
101000;
100900;
100700;
100000;
101800;
100200;
100500;
100200;
100000;
100400;
100200;
100300;
100100;
100100;
100200;
380600;
101100;
100700;
101100;
102100;
100300;
100400;
100900;
100700;
100300;
100700;
100500;
114900;
117600;
114100;
121100;
109500;
101600;
100000;
100500;
695900;
101000;
100600;
100700;
109300;
101300;
100800;
101000;
110400;
100800;
399100;
101300;
100900;
101300;
101100;
100700;
100600;
100100;
104800;
100300;
100900;
104400;
103700;
100300;
100500;
104400;
105900;
100600;
100100;
100400;
100300;
100300;
100000;
100000;
100100;
115700;
112500;
117800;
106600;
100500;
421100;
101100;
101000;
100800;
100700;
100300;
100500;
100400;
100300;
99900;
100200;
101100;
100400;
100200;
101000;
101200;
101600;
105300;
100700;
101000;
100800;
100700;
101000;
100500;
100100;
101100;
100600;
100300;
100400;
100600;
375000;
100700;
101200;
101200;
103900;
100600;
106500;
100400;
99900;
100400;
111500;
102900;
105700;
111300;
112400;
100400;
100200;
100200;
100300;
100000;
100000;
100200;
101300;
100900;
100000;
99900;
100100;
100100;
100300;
101200;
391100;
101400;
101200;
101000;
101300;
101200;
100900;
101600;
101200;
100500;
100100;
100200;
100500;
100000;
99800;
113400;
577600;
100500;
100400;
100100;
118700;
101400;
101400;
100800;
101500;
109500;
102100;
102200;
109800;
102100;
399200;
101200;
100800;
100900;
101600;
101200;
101200;
100800;
100900;
101100;
100800;
101500;
104400;
100900;
100900;
100900;
100800;
101100;
100900;
101200;
102200;
112900;
103700;
100700;
101500;
100600;
100100;
100200;
100300;
100200;
387800;
101300;
100300;
100700;
100600;
100300;
101200;
100800;
109400;
101700;
122100;
128500;
117500;
107100;
115300;
102200;
101400;
100800;
100900;
101500;
107300;
112500;
102900;
101700;
103100;
101700;
101700;
101300;
101600;
101400;
409400;
102100;
101500;
101000;
101700;
101500;
101700;
101100;
103700;
101400;
101400;
109000;
110800;
112000;
113800;
113900;
140100;
101700;
101300;
106500;
100900;
101000;
100900;
101100;
102500;
101100;
110600;
108700;
104100;
104100;
159800;
516500;
767500;
103000;
108800;
102000;
104800;
102800;
102000;
103800;
101800;
101800;
103600;
102100;
104900;
102000;
102100;
108600;
101600;
102000;
112700;
117700;
112400;
108800;
101800;
110400;
101300;
101000;
104900;
114700;
146600;
410300;
101700;
107300;
109300;
102000;
102000;
102000;
103500;
102600;
101300;
105300;
103100;
102900;
106300;
112200;
116700;
114500;
114200;
106700;
106700;
101600;
101500;
102400;
105400;
111700;
105900;
103000;
103900;
101900;
426000;
101700;
102200;
102700;
101500;
105800;
102500;
104700;
106200;
101900;
102100;
103400;
116000;
121500;
104900;
104100;
102200;
101700;
101600;
114600;
115700;
107100;
121700;
109200;
101600;
101400;
102900;
108600;
105900;
105600;
477900;
103000;
105400;
106500;
107300;
103500;
103800;
113800;
106700;
101900;
108600;
116300;
105100;
103700;
102300;
102400;
102000;
102500;
105100;
105800;
105300;
103900;
102200;
101600;
101600;
101600;
101300;
668700;
102300;
105500;
761600;
107100;
105000;
106200;
105300;
103100;
104900;
102200;
102400;
102000;
102900;
114800;
105600;
103800;
105300;
101600;
102000;
101500;
101600;
106600;
107400;
107400;
101500;
105900;
101500;
101500;
101200;
105300;
102300;
101500;
838100;
102300;
105800;
103200;
104600;
101400;
101700;
103500;
108900;
102300;
109100;
102500;
102700;
103600;
107700;
106000;
113000;
110100;
105100;
106200;
98800;
102100;
102200;
101800;
101800;
102000;
101900;
101500;
103700;
102000;
660300;
101900;
104200;
101300;
101900;
112300;
105700;
107700;
102000;
101500;
103200;
101500;
101100;
101300;
103500;
106600;
101500;
101500;
102300;
102100;
101700;
101700;
105300;
101800;
113900;
105000;
107900;
111700;
101700;
101400;
150000;
634700;
102100;
105200;
104500;
101500;
101800;
102500;
712000;
106200;
115100;
106100;
103100;
102600;
105100;
110200;
117400;
108200;
105900;
104200;
101900;
102300;
104000;
108700;
107600;
108000;
103000;
108000;
102500;
105900;
925400;
108500;
115800;
108200;
108800;
102500;
102400;
102600;
102700;
102800;
107300;
102700;
116500;
108900;
107400;
102900;
102800;
102800;
103800;
102700;
109500;
103000;
104800;
104400;
102600;
103000;
105200;
102600;
107500;
103100;
421300;
103000;
115600;
110300;
116500;
112300;
103000;
102600;
102300;
103300;
103700;
102800;
109900;
114400;
106500;
103800;
110500;
110600;
115500;
105300;
106800;
104000;
104200;
103500;
103100;
104500;
111400;
108500;
118500;
104300;
176200;
539500;
109900;
112200;
104900;
103400;
102900;
103300;
108200;
103100;
106900;
102800;
102800;
102600;
102500;
103100;
107900;
102200;
864100;
107000;
105700;
119100;
113800;
104000;
103500;
107300;
109300;
105800;
109400;
103400;
523900;
104500;
103400;
109800;
105800;
103300;
104200;
103400;
105100;
102700;
104800;
120900;
119000;
114200;
110100;
102600;
113300;
102800;
106600;
103700;
103200;
103300;
104900;
102700;
104500;
104500;
110700;
103000;
105100;
102900;
567100;
109700;
120300;
108100;
105100;
103800;
119200;
125600;
106700;
107300;
104400;
103800;
103600;
105700;
104800;
103900;
106200;
106000;
103400;
102700;
103900;
103600;
106200;
109900;
128100;
118900;
116100;
111700;
102800;
103100;
118900;
636000;
105700;
106200;
104500;
104500;
107200;
103900;
103200;
104600;
103100;
106100;
103900;
103100;
111500;
104000;
117000;
115500;
106800;
116000;
105700;
108900;
117600;
109500;
103100;
108100;
105900;
104500;
103300;
106300;
1163700;
124500;
119900;
107200;
116300;
121500;
108200;
107000;
104800;
104500;
108400;
104400;
105800;
103600;
103600;
108000;
104800;
103700;
106800;
103600;
106900;
104100;
112100;
106900;
104800;
113400;
107600;
103700;
111100;
111700;
152300;
527400;
107200;
103800;
103400;
103600;
103500;
104500;
105100;
102900;
107300;
104800;
103900;
103200;
108200;
115700;
117600;
115900;
123200;
114300;
108600;
103200;
110200;
105400;
108200;
103300;
104900;
104900;
112300;
113200;
651000;
108800;
104900;
103300;
111400;
120300;
105000;
108000;
110000;
105900;
106300;
106000;
103900;
104800;
104800;
106800;
105200;
104300;
108800;
103400;
103300;
108000;
103500;
107400;
103600;
106300;
103800;
103400;
105700;
105300;
692200;
103500;
104000;
103000;
103100;
106900;
103200;
106800;
103400;
103300;
104900;
106100;
102900;
106000;
103000;
104500;
103100;
103200;
105300;
671900;
107500;
105500;
105400;
114200;
108700;
109100;
109000;
104600;
103000;
105700;
506800;
118900;
108500;
104600;
106500;
103500;
103600;
105400;
103600;
110300;
103900;
103700;
103600;
103900;
103800;
113700;
106300;
106800;
104200;
104400;
105700;
103600;
103400;
114500;
126500;
117200;
103700;
102900;
102900;
106500;
824900;
107900;
103700;
106900;
104000;
106600;
103800;
104000;
103300;
103800;
103500;
113600;
114700;
105900;
106500;
105100;
103800;
160900;
247500;
222500;
182300;
107900;
103100;
105500;
107300;
104800;
104300;
103700;
107600;
104100;
806600;
104200;
110400;
112400;
124600;
117000;
111000;
106700;
103900;
102800;
103000;
104300;
105500;
103300;
103100;
103900;
104100;
106200;
103800;
103500;
109900;
104100;
107200;
103600;
103500;
103800;
103900;
103700;
126300;
670100;
154900;
751400;
104300;
104900;
110300;
104100;
103700;
107000;
104000;
104300;
105500;
106900;
117600;
116900;
125400;
114000;
104800;
104800;
103400;
105300;
105500;
102800;
105000;
102900;
103700;
103700;
103300;
105500;
108100;
104200;
438800;
103300;
103100;
108400;
103500;
108000;
103200;
103400;
103100;
103300;
102900;
106800;
112000;
106700;
103300;
102900;
105500;
102900;
102500;
104700;
104800;
109400;
115800;
114800;
106000;
103500;
108300;
123900;
104100;
109600;
464800;
103500;
104400;
105400;
106800;
104200;
102800;
104000;
103100;
102900;
107000;
105500;
106600;
105300;
103700;
107300;
103400;
103100;
109400;
104000;
106000;
105800;
103700;
104200;
105400;
103600;
105100;
103900;
106000;
105800;
483000;
109000;
111200;
107400;
105400;
103900;
108700;
103600;
103200;
118500;
105400;
102900;
110100;
109400;
695400;
104900;
103700;
117200;
105500;
104700;
106600;
107400;
103900;
103400;
108600;
118500;
120700;
114500;
105500;
103900;
149100;
509400;
105800;
105800;
105100;
107000;
103300;
105600;
105400;
103500;
103000;
112000;
112600;
112200;
103300;
105000;
105900;
103300;
104400;
114700;
105400;
106700;
111500;
118300;
108000;
103900;
105300;
106200;
103400;
106200;
427400;
103700;
106500;
103700;
106100;
103500;
103500;
108600;
103900;
103500;
102300;
103300;
106000;
103400;
103200;
103500;
103400;
104500;
106700;
103600;
106100;
114200;
103800;
110100;
103200;
103100;
103100;
103900;
106600;
105000;
486700;
106800;
119000;
104600;
116200;
111600;
105000;
103600;
103100;
108000;
103900;
108500;
103500;
103100;
104900;
103600;
122100;
104700;
105800;
106300;
103200;
103700;
103500;
103100;
104500;
105600;
115100;
106300;
108700;
104200;
708000;
591400;
106900;
107700;
104700;
104000;
107300;
103900;
103800;
107100;
104100;
104000;
117100;
106600;
103600;
109500;
114800;
113600;
111400;
113300;
105100;
109400;
103600;
103800;
106000;
104800;
104800;
103400;
105100;
105300;
519300;
108400;
105500;
107500;
103900;
103800;
103900;
103500;
105000;
103500;
103200;
107300;
116700;
108300;
103700;
105700;
104200;
103600;
103900;
104100;
104500;
103700;
105100;
105200;
103900;
106100;
104600;
124100;
118700;
119000;
701500;
108500;
110300;
114300;
105400;
105700;
103900;
104400;
107100;
103900;
103800;
106500;
106000;
103700;
104800;
105300;
106100;
103800;
108200;
107000;
105400;
104200;
103300;
105700;
106900;
105600;
104600;
106000;
126100;
103900;
141800;
587500;
106000;
129900;
105800;
109400;
121400;
118500;
114700;
115700;
105100;
133500;
107000;
108200;
108900;
103900;
120300;
795700;
111200;
107400;
107300;
104800;
104800;
104800;
106000;
105100;
108900;
105100;
104500;
104800;
703400;
103900;
103900;
119700;
108900;
113700;
105300;
104000;
104800;
104500;
104400;
105500;
106900;
125700;
109400;
104900;
107400;
115300;
104500;
113200;
115300;
120000;
117300;
114100;
104700;
104600;
107400;
105100;
109100;
107200;
965300;
106600;
199900;
106900;
107200;
104500;
102900;
106000;
104000;
104200;
104400;
104300;
107100;
105300;
107100;
106900;
107100;
104800;
104500;
104300;
108000;
112500;
106600;
120800;
127500;
131800;
197900;
124700;
111100;
106300;
158800;
418900;
110800;
104400;
104200;
104000;
103800;
104600;
106200;
111800;
125900;
118500;
118600;
108800;
105200;
107100;
104900;
107800;
107000;
109500;
106600;
104200;
104700;
104400;
104600;
784400;
106400;
108600;
105000;
105400;
430100;
106000;
104700;
107600;
108500;
104600;
108700;
103800;
104200;
105800;
104100;
108200;
105200;
106500;
105700;
104300;
106200;
103900;
104700;
106700;
104700;
105500;
108000;
104300;
106800;
105300;
106700;
106100;
110000;
107100;
483900;
104400;
107400;
106900;
104500;
104300;
104400;
106300;
108200;
104700;
125500;
111900;
106900;
104600;
115500;
108200;
113800;
108200;
104600;
113800;
107300;
106400;
104400;
106500;
104900;
106500;
107800;
105900;
108400;
105100;
476200;
108200;
104200;
108800;
104500;
105600;
104300;
104300;
105800;
104400;
104200;
108200;
104200;
104200;
104000;
104000;
104100;
114300;
104500;
103700;
106900;
104300;
106500;
104000;
104300;
110400;
105600;
106300;
104300;
121900;
518200;
110700;
109900;
104100;
103600;
103800;
104300;
110800;
105100;
105700;
105000;
104100;
108200;
104000;
104100;
662000;
105000;
106600;
104100;
117300;
108500;
106400;
107000;
104200;
104500;
104200;
104200;
129400;
125400;
117500;
879700;
106800;
109900;
112900;
156000;
106500;
112900;
105000;
124000;
108700;
104300;
104700;
104000;
182300;
108600;
111400;
107600;
107900;
109200;
106800;
104300;
108700;
105200;
111700;
106900;
105800;
107800;
114700;
115600;
122500;
665500;
105400;
109200;
107300;
108300;
105300;
104800;
107300;
109500;
114200;
117100;
114900;
119000;
105400;
104100;
115100;
127000;
108100;
111800;
118100;
109700;
104600;
106300;
105300;
104400;
104300;
107900;
105900;
109200;
104600;
430300;
123000;
106600;
107700;
105100;
104800;
106400;
104900;
104200;
106100;
115500;
107500;
105900;
379500;
107900;
115100;
118100;
365200;
105000;
107100;
622700;
117200;
123800;
117700;
125200;
105900;
105200;
105100;
104500;
104500;
448900;
108400;
105000;
104700;
104700;
108200;
108400;
106300;
104900;
104800;
104400;
104500;
104100;
104300;
107600;
114500;
114100;
104500;
108500;
104300;
103300;
110600;
112600;
109900;
103500;
103300;
103400;
104400;
104400;
105600;
450500;
104700;
113600;
109600;
117900;
117500;
107200;
108400;
109300;
104100;
104800;
104600;
105700;
105400;
106900;
104600;
104500;
105000;
104600;
104200;
108900;
117100;
109500;
104400;
104400;
104600;
104500;
104500;
107600;
107200;
419100;
104800;
104200;
103600;
104100;
103700;
103600;
103500;
103600;
103500;
103500;
103700;
110100;
109200;
104300;
103200;
103500;
103400;
104200;
107400;
117700;
124200;
105200;
104700;
105300;
104300;
104200;
104000;
104300;
104000;
400100;
106700;
104300;
103900;
114100;
109400;
104400;
104200;
104300;
697000;
105700;
104500;
100900;
104500;
104500;
115000;
118200;
105200;
105400;
104100;
108600;
128500;
107000;
114900;
111000;
104700;
104700;
104300;
104100;
104600;
456600;
105400;
104700;
107900;
104600;
104600;
113500;
109600;
105000;
104800;
104500;
107700;
104100;
104200;
104100;
104400;
104800;
104400;
104000;
108700;
104500;
104500;
115800;
114600;
104800;
104400;
104200;
107800;
104600;
104500;
142100;
424800;
107700;
105700;
104200;
126000;
124200;
117100;
121500;
114600;
120000;
106500;
118000;
113800;
115200;
107800;
111900;
106400;
121900;
112100;
115700;
113200;
112800;
105700;
105700;
105800;
105400;
106700;
110700;
124000;
450700;
108100;
108200;
105100;
112100;
106400;
106200;
106100;
106600;
106600;
108500;
110300;
120400;
115500;
108300;
106700;
107900;
106200;
105600;
105800;
107800;
105000;
105600;
105600;
105800;
105600;
109100;
122300;
890300;
121400;
447100;
108900;
109900;
106200;
108600;
109300;
107800;
105900;
107400;
108500;
109100;
121600;
121900;
121900;
108900;
110200;
314900;
111000;
109600;
108000;
109800;
108500;
107500;
107100;
105600;
120800;
117100;
107700;
110300;
108000;
481600;
125300;
107200;
109200;
111400;
115100;
116800;
120300;
120700;
109800;
111000;
106200;
105600;
106900;
105500;
105600;
108100;
111200;
141000;
119000;
108900;
116300;
130300;
127800;
118900;
117300;
116500;
114700;
107900;
125800;
500800;
105600;
105500;
105400;
108300;
108500;
105700;
106100;
107400;
105400;
105500;
105400;
105400;
114400;
118100;
115600;
110200;
110000;
108000;
105400;
105400;
107900;
107500;
108200;
105000;
107000;
105500;
104600;
104700;
104700;
484400;
105400;
109400;
114300;
109800;
104700;
104900;
104500;
743700;
106300;
107300;
105600;
105700;
104700;
105200;
105000;
105000;
105200;
105400;
106500;
105100;
113600;
115000;
121900;
125800;
125100;
119700;
120200;
109800;
107100;
465100;
109300;
105700;
108300;
106100;
108900;
105600;
105900;
105300;
106700;
105400;
105300;
105700;
105300;
105500;
105200;
105700;
107900;
105100;
105000;
104500;
105100;
105900;
104700;
105000;
110700;
104500;
105100;
104100;
111900;
416100;
104900;
104800;
108700;
107400;
139200;
126400;
127100;
133800;
123500;
117600;
116600;
111300;
105100;
104700;
105000;
105000;
108300;
105400;
105900;
109400;
105100;
105400;
105300;
105500;
105000;
104600;
104800;
106900;
104700;
450300;
112800;
114500;
114000;
105700;
105200;
104700;
105600;
104900;
104900;
104800;
107100;
105200;
104500;
105000;
105200;
105500;
104700;
104600;
105100;
125500;
135700;
124600;
127100;
126000;
121800;
845200;
108200;
110800;
105400;
426100;
105900;
105700;
110600;
109900;
110300;
105500;
105400;
106100;
105000;
106800;
104800;
105000;
104800;
105100;
105200;
109900;
119200;
107700;
104800;
105600;
104900;
105100;
104600;
104800;
104800;
105000;
105800;
106200;
119500;
637000;
128600;
117800;
108700;
124600;
105500;
107300;
105300;
104900;
104700;
107100;
107000;
107200;
105100;
105500;
105600;
105100;
105800;
105100;
105000;
106500;
105100;
105000;
115400;
118700;
112700;
105300;
105400;
106600;
105200;
419500;
107300;
105400;
106600;
104900;
105300;
131500;
115600;
105300;
115600;
114800;
127900;
109700;
136600;
117300;
122900;
113700;
105600;
129400;
105300;
104700;
105200;
104700;
105900;
106600;
105200;
107400;
105100;
105000;
105300;
438500;
124100;
107400;
105100;
111900;
162500;
105300;
105600;
105000;
877800;
106200;
105000;
106100;
105500;
105100;
105200;
105400;
109100;
114400;
118600;
117800;
129500;
119900;
113800;
114200;
105000;
106400;
105100;
145100;
107500;
482200;
108600;
105200;
104700;
105400;
105200;
104900;
105200;
106400;
105200;
105000;
105100;
105300;
160800;
106600;
105100;
110900;
104700;
104800;
109400;
113200;
110100;
104900;
105000;
104500;
105700;
105200;
104700;
128900;
106100;
427500;
126000;
163200;
115400;
117800;
110000;
114300;
105600;
104700;
106800;
106900;
108800;
105900;
105700;
105500;
109000;
105400;
105500;
105700;
107000;
105700;
105600;
105600;
105500;
105300;
126300;
105000;
106400;
105900;
105100;
442500;
106000;
121900;
105400;
104800;
104800;
105300;
105000;
106100;
105500;
107300;
104900;
105700;
105000;
123400;
132200;
118600;
136200;
116300;
105400;
105400;
108900;
108900;
104600;
105300;
707600;
105300;
105100;
105300;
116200;
439900;
106000;
105600;
104800;
105100;
105300;
105000;
105200;
106200;
105300;
116500;
105600;
105700;
105400;
105400;
105500;
105600;
105100;
137900;
111700;
105200;
107200;
105300;
105100;
116800;
116600;
106500;
114800;
110800;
105600;
486400;
109700;
106100;
106100;
105900;
105700;
108300;
106000;
106200;
106200;
105900;
106000;
106100;
105700;
111000;
106400;
105500;
106000;
105700;
105700;
105800;
105800;
107200;
106100;
106400;
110900;
110000;
105500;
105900;
105600;
405900;
105800;
105700;
105700;
105600;
106000;
118700;
124700;
141100;
145000;
130300;
119800;
117900;
104900;
105500;
139200;
106800;
105500;
105100;
105400;
107700;
106000;
106000;
106400;
108900;
106200;
106200;
106300;
106700;
106000;
431500;
106700;
106100;
106200;
105600;
105200;
105900;
110200;
105500;
105800;
105500;
105500;
742500;
105700;
107100;
105700;
119500;
121300;
131000;
126400;
118000;
106300;
106200;
120000;
108300;
108000;
106500;
106600;
106800;
106500;
451900;
107300;
106600;
106200;
106100;
107600;
106600;
136000;
106000;
105500;
106000;
105700;
105600;
106800;
105900;
105500;
120200;
119100;
107600;
105900;
105400;
105700;
106000;
106200;
106500;
110000;
106600;
106400;
106500;
106600;
433400;
120200;
112900;
117200;
109100;
106900;
110000;
109500;
106500;
106600;
106200;
106200;
109000;
107300;
106200;
106100;
106300;
106400;
106400;
106800;
106700;
106500;
106600;
105700;
106600;
105600;
105900;
106200;
106500;
106200;
441600;
108000;
105600;
105800;
105900;
139100;
105800;
108300;
106100;
106000;
105900;
105700;
106300;
128200;
132700;
125200;
116200;
106700;
119300;
113900;
114700;
117800;
115800;
108600;
107900;
105600;
105900;
105700;
106500;
106100;
932000;
109600;
106100;
105800;
106200;
106200;
106000;
106300;
105600;
105700;
110800;
110800;
105700;
105700;
105300;
106000;
105800;
107100;
105700;
106200;
105700;
106200;
105700;
109300;
122900;
121400;
128800;
122500;
112100;
108600;
665600;
109500;
107400;
107000;
106500;
106800;
119000;
106600;
106600;
106500;
106600;
106400;
106300;
106400;
107600;
106400;
106200;
106600;
106400;
106300;
106900;
105900;
113800;
113000;
107000;
105600;
106000;
105800;
112600;
112300;
412000;
106200;
105700;
106200;
133700;
120800;
125300;
110400;
112500;
108700;
106200;
120400;
108300;
109900;
106100;
105800;
110700;
107400;
106000;
107000;
106400;
106900;
106600;
106000;
110200;
106100;
138900;
114900;
106500;
105900;
445700;
106300;
106100;
105400;
105500;
110600;
105600;
106600;
105400;
105500;
105600;
117100;
111400;
105700;
105900;
869400;
125700;
133400;
134500;
119100;
109900;
107300;
106100;
105900;
109800;
106400;
106100;
106000;
107100;
107300;
452500;
106500;
105700;
105500;
105700;
105800;
105600;
105600;
106800;
105800;
111700;
110200;
116900;
105800;
105600;
111200;
105900;
106200;
105800;
125100;
106100;
106300;
106200;
105900;
106000;
106100;
106500;
124700;
115000;
110800;
467300;
113500;
115100;
107700;
113200;
108900;
109100;
106200;
106200;
107200;
107300;
106100;
106300;
106200;
106500;
106200;
107700;
110100;
107900;
106700;
107000;
106800;
107100;
106600;
114400;
111000;
112800;
107000;
111700;
106800;
420700;
109700;
106000;
106100;
106200;
106000;
105900;
105900;
106400;
124000;
111400;
116200;
130300;
115500;
152300;
109600;
124500;
108200;
105800;
105800;
106500;
106300;
106800;
108600;
117300;
109900;
108000;
126000;
106800;
106900;
428500;
107200;
107800;
724900;
106400;
107600;
112400;
106600;
109000;
109500;
106100;
107400;
106100;
109500;
130400;
107500;
108600;
106300;
127700;
123100;
123000;
132200;
164400;
108800;
116200;
109700;
111700;
107200;
110900;
108100;
494500;
107500;
107400;
107400;
107200;
140900;
109100;
113600;
111000;
106900;
107800;
107300;
107100;
107000;
106600;
106100;
106000;
106500;
107300;
106100;
108500;
105900;
105700;
106400;
105900;
106200;
115200;
106500;
105900;
106000;
419000;
144600;
108700;
116100;
118200;
116800;
107900;
107500;
108200;
108800;
200800;
107100;
107900;
106800;
106200;
106200;
106500;
106400;
106500;
109700;
128600;
117500;
112500;
107000;
107000;
106900;
106900;
147000;
108100;
107100;
442900;
135000;
106600;
112500;
106700;
106700;
106900;
106900;
106600;
106500;
106800;
108300;
111400;
118000;
120300;
110200;
127400;
109100;
656400;
108200;
111500;
115200;
112900;
108600;
107400;
106900;
107900;
106800;
107300;
106800;
428700;
106900;
106500;
106400;
106500;
175300;
106600;
106300;
112300;
111800;
109800;
105700;
105900;
106400;
106400;
105800;
130400;
106100;
105900;
106400;
106200;
106100;
116800;
115300;
121400;
112600;
178000;
119700;
119200;
112300;
508100;
110800;
107100;
106900;
106600;
109100;
107000;
109700;
107200;
107000;
106700;
107100;
107300;
107600;
107200;
107200;
106900;
106700;
157500;
106800;
106500;
107600;
106600;
106500;
117900;
117300;
113200;
106700;
106400;
106200;
401600;
106700;
106300;
115100;
124500;
129500;
119000;
120400;
114100;
115800;
118800;
120700;
114100;
106200;
111700;
106500;
118900;
108300;
109000;
107100;
106800;
106700;
106700;
109900;
107100;
107300;
107100;
106800;
107400;
106900;
458700;
106800;
106600;
115000;
108500;
106400;
109500;
899400;
114700;
108400;
112600;
113200;
115800;
128800;
113900;
119900;
110600;
109500;
109600;
110800;
107800;
107500;
107700;
115600;
106600;
106700;
107500;
106600;
106700;
106400;
462100;
107700;
107100;
107400;
107200;
107500;
107400;
162200;
106400;
106600;
106800;
106600;
111800;
110700;
107000;
106500;
106500;
106700;
106600;
106200;
106200;
111400;
108100;
106400;
111500;
110100;
117300;
119300;
132900;
121900;
520300;
116400;
114300;
107000;
106300;
108500;
106700;
106600;
106600;
106400;
109400;
106600;
106700;
106100;
106100;
107200;
106800;
109100;
111900;
106900;
161100;
107400;
109300;
106700;
107300;
107000;
106900;
106800;
106900;
106700;
422000;
114500;
116100;
106900;
106700;
112700;
110300;
113500;
114100;
125600;
119800;
107900;
109000;
107700;
109000;
107200;
107300;
108300;
107100;
107300;
108200;
574000;
107400;
106800;
106600;
109100;
106900;
107100;
106700;
122500;
472800;
108200;
110200;
121400;
122900;
112500;
107100;
108300;
108100;
107100;
107100;
114800;
107000;
106500;
106900;
107200;
110100;
125700;
124700;
144900;
132300;
124900;
122400;
107400;
108100;
111500;
109400;
108600;
109800;
107400;
468100;
110400;
107500;
107700;
107300;
107200;
107400;
107100;
120700;
125200;
111400;
155200;
106900;
106900;
106800;
106700;
109900;
112300;
107000;
107000;
107300;
107100;
107000;
107000;
108200;
107300;
107100;
107500;
107500;
120900;
506500;
123200;
112300;
110800;
106400;
119100;
117400;
115000;
107500;
106800;
107200;
106500;
107000;
107000;
109900;
107900;
107500;
107700;
107700;
107600;
107900;
107800;
118000;
107300;
106800;
162100;
107400;
107600;
145700;
118000;
428800;
107900;
107000;
107200;
107200;
702900;
111200;
113900;
122400;
118300;
109100;
116000;
108600;
121100;
119900;
133500;
114200;
111800;
108800;
114600;
109200;
108600;
109400;
136600;
113100;
110300;
108300;
109900;
110100;
114000;
128100;
441100;
113700;
111400;
110600;
110900;
109300;
108500;
112200;
110900;
111200;
111500;
111700;
127500;
129500;
121700;
126200;
121400;
123700;
117600;
131400;
125300;
115100;
115400;
122100;
110600;
115500;
119800;
110900;
108500;
463600;
112600;
111300;
108600;
108500;
108300;
108300;
107700;
108100;
108100;
110300;
109500;
109400;
109600;
110200;
109800;
110100;
121000;
122100;
110800;
120300;
110300;
108100;
108000;
108200;
109000;
107700;
107800;
107800;
108100;
431800;
142600;
135800;
139700;
136700;
124400;
137900;
120000;
109400;
108500;
111000;
109400;
108300;
110500;
110900;
109500;
109800;
109800;
109700;
109700;
109800;
109600;
118300;
780400;
123700;
121600;
113100;
109000;
113000;
111300;
631200;
124700;
123600;
123900;
121200;
144800;
145100;
132300;
111600;
110700;
118800;
129900;
120700;
112200;
114700;
109200;
108900;
109000;
108600;
109000;
110300;
108500;
110900;
108900;
109800;
109100;
112100;
114400;
122600;
122700;
609900;
118100;
108800;
109000;
108900;
108700;
108700;
109800;
111600;
111700;
108900;
109700;
109800;
109000;
108700;
109800;
134900;
114200;
109400;
121600;
113700;
111700;
112500;
113100;
125200;
117100;
109700;
108200;
109600;
108600;
442300;
110900;
108700;
110600;
108800;
110800;
108900;
115400;
122300;
119900;
119700;
119200;
119500;
121100;
117400;
125400;
124500;
122200;
122000;
122200;
118500;
120800;
108800;
108400;
108500;
108100;
108700;
108400;
115600;
764700;
587300;
114200;
127300;
111000;
119800;
126500;
113700;
108800;
109200;
109500;
111000;
108800;
108900;
109100;
108900;
108900;
109100;
108600;
108400;
108400;
108800;
108600;
108600;
108100;
108700;
108300;
110100;
110000;
109700;
116000;
981800;
115600;
119200;
114700;
115200;
113200;
110900;
109000;
109000;
112000;
115600;
108700;
112400;
110700;
110900;
108600;
108700;
108700;
111400;
108900;
130800;
112300;
110500;
108000;
107700;
109100;
107600;
107800;
120200;
117700;
449200;
108600;
107900;
107700;
107800;
107600;
107800;
107900;
112700;
109100;
107700;
107500;
107700;
120500;
107700;
114200;
124000;
123300;
138600;
125600;
119600;
108100;
107900;
111100;
109400;
107900;
108000;
107600;
108500;
108500;
412400;
119000;
111000;
111200;
757500;
108600;
107900;
107800;
107300;
107900;
131500;
108200;
107500;
108300;
107700;
108000;
107700;
108000;
113000;
123600;
121100;
108500;
130200;
109100;
113100;
108000;
107500;
111600;
110900;
110700;
431700;
109300;
107600;
107600;
111700;
108800;
108400;
108700;
110800;
108600;
108600;
108600;
108700;
107600;
107700;
108200;
107500;
107500;
133300;
116000;
113200;
108000;
107400;
107400;
109000;
107800;
108100;
108100;
107700;
108000;
400500;
139600;
108900;
108500;
114000;
114400;
121900;
129200;
118700;
108500;
108000;
108500;
114700;
112400;
109900;
108700;
111700;
108800;
108500;
108100;
110500;
108400;
108800;
108500;
122600;
110100;
110300;
106800;
106400;
106300;
418900;
112000;
106700;
124500;
106800;
106600;
106600;
106500;
106500;
106600;
106800;
111700;
106500;
106500;
106300;
114400;
114500;
109300;
120900;
690800;
119700;
111200;
111100;
109200;
107100;
107900;
109200;
109900;
109200;
109800;
414200;
117500;
111000;
108000;
108000;
107500;
107800;
108200;
107800;
108000;
108000;
107600;
109100;
107600;
107300;
107300;
107200;
116600;
116500;
107200;
116400;
144400;
119400;
134700;
107100;
106700;
107100;
113000;
119700;
107600;
513800;
111700;
113000;
108000;
108000;
108000;
115600;
109600;
110500;
110800;
114600;
107300;
112000;
107400;
107300;
107500;
107300;
107300;
109000;
108200;
108100;
107700;
113500;
118000;
107900;
110300;
107700;
107500;
107100;
107600;
404800;
108900;
108100;
107300;
107200;
107800;
107700;
107600;
107700;
127200;
124200;
109900;
129300;
128500;
115400;
108400;
109100;
106900;
108500;
108200;
109400;
109000;
110800;
109800;
108900;
111600;
109200;
108300;
118200;
110000;
429200;
108600;
108100;
108000;
108300;
108100;
718100;
108000;
107500;
108800;
106900;
106900;
107000;
106500;
158900;
120200;
111500;
107900;
123200;
109800;
112200;
137700;
124900;
117800;
112900;
107900;
107500;
107500;
107400;
108400;
424600;
108600;
108400;
108500;
108600;
108300;
108600;
109700;
109200;
108400;
108800;
108900;
108900;
108200;
108800;
108600;
107400;
107600;
111800;
108900;
135600;
118500;
108000;
108800;
107700;
107900;
107900;
112500;
110500;
113700;
404000;
128600;
121000;
117200;
112000;
108100;
109900;
107800;
107600;
107900;
130000;
113100;
107700;
108700;
108700;
108200;
108400;
108300;
108700;
110500;
108800;
108400;
108500;
108600;
108500;
108300;
137900;
135400;
122100;
112600;
450600;
129600;
119000;
109900;
109000;
108500;
109100;
109000;
108300;
115700;
108600;
108900;
109100;
110700;
118900;
112700;
120700;
863600;
108600;
108900;
108600;
108500;
108800;
108600;
108600;
108500;
112100;
108800;
108400;
108300;
463600;
117900;
116200;
108000;
107800;
107600;
107800;
107700;
107700;
114100;
124800;
109100;
108400;
108900;
108400;
108200;
108100;
108400;
108200;
108000;
108500;
108000;
119500;
108400;
120900;
130900;
124100;
108500;
112200;
107500;
665100;
114400;
108600;
108300;
109200;
108200;
108000;
108600;
108100;
110600;
108300;
109400;
122200;
111800;
108900;
108800;
108200;
103000;
107800;
107900;
107600;
112600;
107600;
107900;
107600;
110100;
107800;
108000;
108200;
107900;
394400;
107900;
132300;
135300;
129100;
115800;
114500;
109900;
110300;
107600;
106900;
112300;
109300;
108000;
108800;
108700;
111000;
108800;
118200;
117800;
113200;
112800;
109000;
112000;
108000;
107800;
107700;
109500;
107900;
108100;
409300;
108400;
109000;
769400;
108300;
114200;
107700;
107900;
108000;
107800;
108000;
122300;
108500;
109300;
116900;
122900;
113500;
108400;
108200;
141500;
112000;
108200;
108600;
108500;
108200;
108100;
108600;
108700;
111500;
108000;
433800;
108200;
108500;
109100;
108800;
108200;
108000;
108100;
107900;
107700;
107700;
109400;
108000;
107800;
107500;
107800;
107400;
107600;
107600;
110700;
108400;
107100;
107700;
107800;
107200;
107600;
132300;
140600;
126200;
116600;
459200;
108000;
107800;
107900;
108100;
109000;
108000;
111100;
108900;
108600;
108300;
108500;
108300;
109300;
108400;
107900;
139200;
112900;
108400;
108100;
107400;
108300;
107900;
107400;
108000;
107700;
107600;
107700;
107700;
113000;
392200;
107700;
107200;
107400;
107400;
109100;
108100;
119500;
137400;
131700;
132800;
121300;
121000;
108500;
108100;
107600;
107600;
107900;
108400;
109800;
593500;
110100;
108400;
109600;
109100;
108500;
108800;
108400;
108700;
108200;
410300;
109400;
108200;
108000;
110500;
114900;
108000;
107900;
108500;
137900;
108800;
107900;
109500;
107900;
108300;
108200;
108100;
108500;
129500;
124200;
137700;
128300;
124000;
119000;
116300;
110500;
108800;
109000;
108800;
108600;
426300;
109300;
109700;
109300;
109500;
109200;
108700;
108700;
109000;
108700;
111400;
108300;
107600;
107900;
107900;
108500;
108000;
108400;
109100;
108200;
108300;
108300;
108500;
108400;
108300;
108100;
108500;
108400;
108200;
107900;
401400;
126700;
130500;
124700;
121800;
118800;
145200;
109200;
113000;
109100;
109100;
109000;
109000;
108800;
108800;
108700;
115200;
115100;
108800;
111100;
108800;
109100;
108700;
108700;
109200;
108600;
108200;
132200;
108600;
108500;
433400;
108300;
111300;
107600;
111900;
112500;
107400;
111400;
108200;
108400;
894000;
129600;
115900;
117000;
115800;
113200;
109500;
109400;
109800;
116300;
109100;
109800;
110000;
110900;
109200;
109100;
108900;
110400;
108900;
113500;
440800;
109200;
118300;
108900;
108800;
109000;
109100;
108800;
108600;
109300;
108300;
108400;
108400;
108400;
108400;
108400;
108200;
109100;
108800;
108300;
108300;
120800;
136200;
127100;
131700;
120800;
110000;
109300;
108300;
108500;
428600;
112700;
109000;
108800;
109100;
111600;
112200;
110300;
109800;
108900;
114400;
109800;
109900;
113000;
108700;
112100;
108000;
108500;
108700;
108300;
108400;
108100;
108200;
109400;
108700;
136000;
114200;
108900;
109100;
108600;
406500;
109200;
108900;
130000;
115200;
120700;
123700;
111800;
109000;
108900;
108200;
108600;
108900;
109000;
108700;
108900;
113700;
109500;
109700;
109500;
109800;
118300;
116500;
109100;
108500;
108800;
108100;
108300;
108100;
592100;
409400;
118800;
112900;
108100;
108600;
108300;
108100;
108400;
109500;
108100;
108200;
108500;
108500;
123900;
125400;
123400;
128300;
127100;
159300;
119900;
109000;
109600;
109300;
112800;
108800;
109600;
109100;
109700;
109300;
109100;
438000;
109700;
109200;
109100;
108800;
109200;
111000;
109500;
109700;
109500;
109400;
109600;
109200;
108800;
109800;
109100;
108800;
108600;
108300;
109400;
108600;
108900;
108900;
108700;
118400;
111000;
109100;
125000;
121800;
126200;
402500;
118500;
109300;
111100;
111500;
111100;
109100;
109600;
111200;
115100;
112200;
109500;
110300;
109200;
134600;
114600;
109400;
109200;
109200;
117400;
109700;
108800;
108900;
108200;
108700;
108500;
108700;
109500;
108800;
109200;
398800;
109200;
108000;
107900;
107900;
107800;
108000;
113700;
117100;
121800;
773300;
117100;
110400;
111000;
110200;
110500;
109800;
109500;
109500;
109600;
110400;
109700;
109500;
109500;
109600;
109700;
109700;
109500;
111300;
109400;
448500;
110300;
113800;
111100;
109800;
110000;
140600;
109800;
109600;
109000;
109200;
115500;
109600;
109200;
109300;
117300;
119100;
110000;
141600;
109600;
108900;
112500;
108600;
114800;
109200;
109200;
111700;
109500;
109500;
109500;
423600;
110800;
109200;
109600;
118200;
118900;
109600;
115500;
110100;
110600;
109600;
109200;
109500;
109600;
116600;
122800;
114300;
109700;
109500;
109500;
109600;
109200;
109500;
109800;
110700;
109300;
109100;
109300;
109400;
109400;
412600;
110800;
140900;
111300;
109800;
109900;
110100;
111100;
109200;
109800;
110000;
110000;
109400;
109700;
109800;
110800;
109000;
108900;
108900;
109700;
108900;
109200;
109600;
649600;
115400;
124300;
120100;
132000;
110300;
109700;
427700;
109900;
112100;
109700;
109300;
109600;
109900;
109400;
109600;
126200;
122600;
109300;
121500;
123700;
109400;
111000;
115500;
111900;
109600;
109900;
109600;
109800;
110100;
110000;
110100;
112000;
109500;
146400;
110300;
110000;
447400;
109800;
109900;
109600;
109600;
118200;
123100;
116300;
110000;
109300;
109300;
109700;
113600;
110900;
109500;
114200;
129600;
109600;
113900;
109200;
109800;
109300;
118700;
119800;
112100;
112100;
120800;
110600;
110700;
110400;
473100;
112900;
122800;
112500;
127900;
110100;
109500;
109700;
109400;
109500;
109800;
109300;
125400;
109600;
109600;
109400;
109800;
109400;
109500;
109600;
110900;
110200;
146400;
119400;
111200;
109600;
115500;
113000;
110900;
109700;
410300;
110400;
109900;
966800;
113900;
114200;
113300;
111000;
109600;
109700;
109700;
111600;
109300;
109700;
109500;
110100;
109600;
109800;
109500;
111000;
109700;
109600;
110300;
110300;
109900;
109700;
110100;
114100;
110600;
109500;
434200;
110300;
109600;
109700;
109900;
109800;
114900;
113700;
112300;
109500;
109700;
137700;
151100;
114900;
115300;
109600;
114800;
111500;
111100;
110100;
109700;
109600;
109600;
109800;
109900;
111500;
109800;
110100;
109900;
109700;
424500;
111100;
110100;
110700;
109900;
110200;
117500;
125600;
126200;
115000;
110100;
110000;
109700;
109700;
114000;
109900;
111900;
110000;
110000;
110100;
110000;
110400;
110000;
109800;
117000;
126800;
123500;
128900;
123300;
123100;
481500;
111100;
110600;
110200;
110300;
111500;
109900;
135700;
111600;
110000;
110200;
109600;
109900;
626600;
110200;
110400;
109900;
125700;
111600;
110000;
110000;
110200;
109700;
110800;
109600;
121100;
109800;
110000;
115500;
124600;
486200;
141300;
140600;
125500;
119300;
117400;
116800;
116200;
111000;
110100;
110400;
110600;
110600;
114600;
115300;
110800;
111200;
110700;
112900;
111000;
111500;
111200;
109800;
110100;
110200;
113500;
110900;
110300;
109700;
109600;
467500;
109900;
109600;
109400;
109600;
109700;
109100;
109100;
109000;
108800;
108900;
109000;
111300;
109600;
123300;
109600;
109100;
115700;
113200;
109500;
111000;
109100;
108800;
108800;
110900;
108900;
109300;
111800;
109600;
109700;
419100;
109800;
133900;
109000;
109500;
109100;
109000;
109000;
109000;
109200;
114700;
108800;
109000;
113500;
109200;
109100;
109600;
108700;
110100;
109100;
109000;
109000;
108900;
109500;
109200;
109100;
973800;
112000;
110500;
113900;
418600;
109800;
111200;
109900;
110000;
109600;
109900;
109900;
109700;
109600;
111000;
108900;
108900;
108800;
108800;
108800;
108700;
109000;
109200;
108800;
108800;
109100;
109100;
109000;
109100;
110000;
109900;
108700;
108800;
109000;
395400;
113400;
109000;
109000;
118200;
108900;
109300;
109300;
119700;
110100;
109100;
108600;
108900;
112600;
108900;
108600;
111100;
109200;
109000;
141500;
110000;
109500;
109400;
109400;
111800;
109100;
108800;
108600;
109000;
109000;
391900;
109500;
109400;
109400;
110100;
109000;
109200;
110700;
108900;
109200;
109300;
109200;
109300;
109200;
109300;
132400;
109100;
109200;
109300;
128300;
123900;
118900;
111600;
107800;
107800;
107900;
108000;
108100;
108100;
107800;
391800;
113200;
107600;
107600;
108000;
107500;
112300;
107700;
107700;
107500;
646600;
107900;
143300;
113700;
107900;
108400;
108200;
111100;
107500;
107600;
107600;
107900;
108100;
107800;
107900;
108700;
107800;
107800;
110200;
120000;
501800;
108300;
108600;
108100;
107500;
108400;
107900;
107900;
109200;
108200;
108300;
107900;
108000;
108300;
108200;
107800;
108700;
109100;
109300;
108700;
108600;
108900;
108500;
109700;
108600;
108000;
108000;
107900;
108300;
107800;
381200;
108100;
108000;
108000;
108100;
107800;
108100;
109600;
108000;
107800;
123700;
108200;
119900;
122500;
116000;
108800;
108500;
108200;
108300;
118300;
111600;
108200;
107900;
108700;
108700;
108600;
108700;
108900;
109000;
108700;
388500;
108900;
109500;
108700;
108300;
108600;
108800;
108000;
107900;
113600;
115500;
112200;
107900;
107900;
108000;
108300;
107900;
108200;
117500;
108000;
108000;
107800;
108800;
108300;
108700;
108400;
684800;
125600;
123500;
123200;
486700;
124800;
115200;
112600;
110400;
110500;
110500;
110700;
112600;
112200;
112600;
113600;
112300;
112000;
112500;
113700;
110200;
110200;
114500;
110700;
109900;
110200;
110000;
109800;
109600;
109400;
127500;
136700;
123600;
127700;
493800;
124400;
129200;
124400;
115200;
111000;
110600;
111500;
114700;
115200;
110100;
110400;
109900;
110400;
117300;
110100;
110200;
110800;
110300;
110700;
110200;
110100;
110200;
104500;
109900;
110000;
110100;
110200;
109800;
109900;
483100;
110400;
110500;
110000;
110100;
110400;
110800;
110000;
110200;
110100;
109900;
110100;
110300;
111800;
110100;
116500;
112100;
110200;
110400;
111300;
110500;
111400;
110600;
110100;
110600;
110200;
110100;
110500;
114700;
111600;
415500;
110100;
109800;
109900;
725400;
109500;
109200;
108900;
109000;
109700;
109200;
110400;
109500;
109800;
109500;
109500;
109600;
109500;
109700;
109500;
108800;
140100;
114100;
108900;
110100;
114100;
110600;
109200;
112700;
109400;
411200;
109800;
109900;
108900;
108900;
108800;
109100;
109000;
109700;
110100;
109300;
109500;
109300;
110100;
109100;
109100;
109200;
109600;
109300;
109500;
109200;
108900;
109000;
109500;
109300;
110900;
109000;
108900;
109300;
109200;
391700;
111100;
109700;
109200;
109300;
109500;
109400;
110400;
115900;
123900;
122800;
113200;
110800;
114700;
109000;
109100;
111800;
109100;
109500;
109000;
127600;
109600;
109400;
109300;
108900;
109400;
109300;
109200;
110800;
109100;
392700;
109300;
117600;
113100;
109600;
109300;
109100;
109200;
109000;
109100;
109100;
111600;
109700;
109800;
109300;
108900;
109000;
109400;
109800;
698800;
125600;
112200;
112200;
110200;
109500;
109200;
113700;
109200;
109600;
109100;
401700;
109800;
110900;
110400;
110200;
111900;
110100;
110200;
110300;
110100;
110300;
133500;
109300;
111400;
109300;
109200;
109300;
109100;
110300;
108800;
109800;
121900;
111700;
109000;
126700;
109300;
109300;
109300;
109000;
109100;
391500;
109600;
120100;
109100;
109500;
109400;
109400;
110100;
109400;
109100;
109600;
109000;
109400;
109600;
109200;
109900;
110400;
110100;
110100;
109900;
110400;
110200;
110400;
110900;
109900;
109500;
109400;
109200;
109300;
109200;
394900;
109300;
109000;
109000;
109300;
109100;
127900;
109400;
109600;
110300;
109900;
109700;
109800;
109500;
121900;
124700;
120600;
110900;
109600;
109300;
109600;
113900;
109700;
109100;
109400;
111200;
109800;
109400;
109200;
109500;
394900;
114700;
109500;
109400;
109600;
109500;
861800;
109700;
109500;
109800;
109600;
109200;
109600;
109400;
109500;
110700;
110200;
110600;
113700;
110000;
116000;
110300;
110300;
131800;
111400;
111200;
117000;
115500;
118500;
110800;
431500;
110300;
110100;
110100;
109900;
109900;
115500;
110600;
110000;
110400;
109700;
109900;
110000;
110500;
110500;
110300;
110200;
111300;
110100;
110000;
110300;
111200;
109600;
109700;
109400;
109900;
109400;
109900;
109300;
110700;
388800;
110200;
109700;
109500;
109800;
137800;
114600;
109800;
110000;
131200;
114500;
109600;
109600;
109600;
109000;
109100;
129100;
110100;
109400;
109700;
109600;
109600;
109400;
109800;
110600;
109400;
109700;
109500;
109400;
123700;
390800;
110600;
109900;
110300;
110700;
110400;
110500;
110900;
110400;
110500;
110300;
110300;
109900;
109700;
109600;
111200;
109900;
109900;
109700;
116800;
125900;
119500;
118200;
664000;
109700;
109600;
109900;
109800;
109400;
109400;
400200;
111700;
110300;
110300;
110500;
110300;
109800;
110000;
110000;
112200;
109800;
109400;
109300;
109600;
109900;
110000;
109900;
111400;
119800;
110200;
119600;
110400;
132300;
109700;
109200;
109700;
109600;
109400;
110800;
116700;
491500;
110500;
111200;
109600;
109200;
109300;
109700;
109800;
109800;
109700;
114400;
110400;
114900;
110500;
110100;
110300;
110600;
110400;
112300;
109900;
109700;
109600;
109700;
110000;
109600;
109800;
110500;
109700;
109700;
109700;
385200;
113600;
110500;
109800;
109600;
109600;
109700;
109400;
109500;
110600;
109900;
117600;
127000;
126800;
114400;
109900;
109600;
109700;
109800;
109200;
109500;
109600;
109400;
109400;
110700;
110500;
110200;
110100;
110100;
121300;
392700;
110600;
110200;
109600;
109800;
109500;
109800;
614200;
109700;
109600;
109900;
112500;
135200;
122600;
128900;
124800;
116800;
109800;
115900;
109400;
109600;
110300;
123500;
130800;
120400;
110700;
110800;
110600;
110600;
110500;
416700;
113300;
110600;
110400;
110400;
110800;
110400;
110500;
111000;
111600;
110400;
110700;
110600;
110500;
110800;
110300;
111400;
110800;
110700;
110600;
110400;
110300;
110700;
110000;
113200;
111000;
111100;
111100;
110600;
110500;
418900;
110300;
110100;
128200;
132200;
130600;
129300;
125000;
116400;
110900;
111000;
119100;
111100;
112700;
112800;
347100;
112500;
112400;
114100;
112300;
112900;
112800;
112700;
121400;
122100;
118500;
111000;
110300;
110500;
111200;
410500;
112000;
111300;
111500;
111300;
110800;
110700;
112700;
110600;
110900;
110500;
110800;
110500;
110500;
111000;
114100;
110800;
115700;
120100;
115100;
110600;
110500;
110500;
707200;
110700;
110400;
111400;
110500;
110600;
110500;
400000;
113500;
111000;
110800;
110700;
110600;
110500;
110700;
110900;
116800;
111500;
117800;
117300;
110700;
110800;
109900;
109800;
110000;
109900;
109800;
111100;
110600;
109900;
110300;
120400;
110700;
110000;
117000;
109900;
110000;
400900;
110800;
109900;
111100;
110600;
111500;
111100;
110800;
111100;
110900;
110900;
112100;
111000;
111000;
111000;
110700;
110900;
110500;
111600;
111100;
110600;
109800;
110000;
111500;
110200;
109600;
118000;
109900;
110200;
110100;
392400;
112900;
110100;
110300;
110000;
109900;
124100;
126400;
120000;
112300;
123800;
114100;
110100;
110100;
109800;
110100;
112900;
111200;
110200;
109800;
109800;
117100;
111700;
110300;
112900;
109800;
111000;
110900;
110900;
110800;
423300;
111100;
110300;
110200;
110200;
109500;
110300;
688700;
111200;
110100;
113500;
109700;
110300;
110200;
109900;
110300;
109900;
110300;
112700;
110000;
110600;
110600;
111300;
111300;
110900;
111500;
111900;
111500;
118300;
117400;
436100;
112300;
110600;
111400;
111000;
111700;
110800;
110800;
111900;
110700;
110600;
110600;
110000;
109900;
110800;
110300;
111800;
110500;
110400;
110100;
110000;
110100;
110400;
110200;
112900;
109800;
109800;
109700;
110600;
116400;
453000;
115500;
110500;
111100;
110400;
110100;
111000;
110700;
110400;
110700;
110000;
119500;
109900;
109900;
109900;
110100;
110100;
110500;
122400;
114600;
110400;
110700;
111000;
110200;
111000;
110800;
111800;
110400;
110900;
110400;
394200;
111500;
111300;
110000;
110700;
110100;
110500;
110500;
110400;
110300;
111400;
110400;
118300;
111100;
111200;
110300;
110700;
111600;
110300;
110300;
110100;
110400;
110200;
110400;
111400;
671900;
112200;
111200;
111300;
111500;
398200;
112700;
112400;
112000;
111100;
113100;
111100;
111000;
113200;
111400;
111100;
111000;
111000;
110900;
111100;
112800;
111400;
110800;
111000;
110500;
110400;
110400;
119700;
120700;
111000;
110200;
110300;
122100;
115200;
110800;
393600;
111600;
111200;
111400;
111600;
111100;
113400;
111000;
111200;
111400;
110800;
111300;
111400;
110900;
113400;
111000;
110900;
110800;
110600;
110000;
110500;
110700;
110900;
110400;
110400;
110700;
110800;
110300;
110700;
109500;
384400;
110800;
110400;
110200;
116200;
133000;
125400;
115500;
111400;
110800;
110700;
110300;
112300;
110000;
110200;
110100;
119400;
120600;
110900;
110100;
110700;
110400;
110000;
110200;
110300;
110700;
110200;
111800;
110500;
110200;
385000;
110700;
110200;
112300;
110700;
110600;
111100;
119800;
111000;
111300;
110500;
612000;
110300;
110800;
110400;
130100;
125500;
119300;
111600;
112000;
111500;
111400;
112800;
111300;
110800;
111300;
111100;
110900;
111400;
111200;
470700;
111900;
111100;
110800;
111000;
111000;
111300;
111300;
111200;
111500;
111200;
111100;
115200;
112200;
110800;
111000;
111100;
111800;
111000;
110800;
110900;
111000;
111100;
111200;
111100;
117600;
110200;
110200;
122400;
127100;
453600;
117100;
111800;
125200;
111400;
111300;
111100;
111300;
110900;
111300;
112300;
111100;
111200;
111700;
121600;
111100;
111400;
111200;
115400;
111400;
111100;
110800;
111000;
111400;
111100;
110700;
113900;
111200;
111600;
111300;
392000;
113800;
111500;
110900;
112100;
110700;
110700;
110900;
110200;
112000;
125100;
125500;
125400;
122600;
111500;
111300;
112100;
110100;
110700;
111700;
111200;
111100;
110900;
111400;
113100;
111100;
111400;
111500;
111400;
111500;
677000;
585200;
111300;
111300;
114000;
120200;
120700;
119900;
122800;
120500;
120600;
121300;
120300;
113400;
111000;
116400;
110300;
111700;
125100;
132800;
116200;
110600;
110700;
110800;
110500;
110300;
111400;
111500;
111200;
116900;
432900;
111900;
111000;
111400;
111300;
110900;
111100;
111300;
111600;
111500;
110900;
111000;
111000;
132800;
111000;
111500;
110800;
110800;
110700;
110900;
111000;
112500;
110700;
110600;
111200;
110800;
111100;
111000;
111100;
110800;
388400;
133100;
120000;
111800;
114200;
110900;
111100;
110700;
119600;
114100;
110400;
115900;
110300;
110700;
110900;
110700;
110600;
110400;
110300;
111600;
110700;
111100;
110300;
110700;
110700;
110600;
112100;
110700;
110600;
110700;
387900;
111600;
117300;
110700;
111100;
110400;
110700;
110600;
110800;
110900;
111900;
110800;
111300;
124100;
127200;
121700;
111900;
620400;
111800;
111300;
111500;
113800;
111800;
112200;
111600;
111500;
111000;
111300;
112300;
110700;
393500;
111500;
111400;
116600;
125300;
125600;
126200;
116200;
110900;
110700;
111100;
112700;
110600;
110500;
110900;
110500;
110800;
110400;
110700;
115700;
110800;
110500;
112600;
118500;
111900;
112000;
111600;
111300;
111600;
111600;
410700;
111800;
111800;
111600;
111500;
112700;
111500;
116300;
111500;
111100;
111000;
110600;
110700;
116200;
110700;
110500;
110900;
110700;
111000;
110900;
110500;
112700;
111400;
111200;
110700;
111100;
111400;
111200;
111400;
111000;
393300;
111300;
111100;
110500;
113100;
126600;
126600;
119300;
111600;
111100;
111500;
112400;
110900;
111200;
111200;
111500;
111700;
111100;
111200;
113000;
111000;
111000;
111200;
111200;
111200;
111000;
111000;
112100;
110700;
110800;
700700;
600300;
111200;
110900;
111300;
114600;
120700;
120000;
123700;
121200;
119900;
120000;
120700;
112200;
110900;
117500;
111800;
117700;
112100;
115200;
111900;
111800;
111900;
114300;
111800;
111600;
111400;
111700;
111800;
111500;
402900;
113400;
112200;
111900;
111100;
111200;
132600;
110900;
111000;
110900;
110900;
110900;
110700;
111900;
111600;
111200;
111600;
111200;
111900;
111200;
111600;
112800;
111500;
111400;
111100;
111500;
111600;
127100;
130900;
116200;
402900;
111600;
111100;
111300;
119700;
111200;
111200;
113200;
111000;
110900;
111100;
111100;
110900;
110800;
112100;
110900;
111500;
111300;
111300;
110800;
111200;
111000;
113300;
111000;
116400;
111300;
110800;
110700;
111000;
111000;
393100;
111700;
111600;
111200;
111200;
112500;
111300;
111100;
111700;
112100;
111400;
120700;
112900;
591700;
111700;
111100;
111200;
112400;
111900;
112400;
112300;
112100;
112000;
112100;
112000;
113100;
112100;
112300;
111200;
111300;
396900;
111400;
111700;
111400;
111700;
111400;
111300;
111800;
112800;
111500;
111300;
111000;
117900;
111000;
110900;
117400;
111400;
111000;
111300;
121400;
112100;
118500;
124500;
111400;
111200;
110900;
111400;
111500;
111500;
111600;
390800;
116800;
111900;
111900;
111500;
112400;
136000;
124300;
122900;
112200;
111900;
112100;
112200;
113200;
111900;
112400;
112100;
112000;
112500;
112200;
114000;
112400;
112200;
112000;
111900;
111900;
111900;
112100;
116600;
111600;
400700;
132500;
126200;
118100;
120700;
127500;
117300;
112300;
112200;
112500;
113100;
112200;
112500;
112300;
112100;
112400;
112300;
112500;
114100;
112100;
112000;
112000;
118300;
112800;
112200;
112300;
111800;
112000;
111900;
112200;
1065400;
112100;
111900;
111700;
111800;
111500;
117500;
117600;
112400;
142900;
138100;
127900;
114900;
119600;
113300;
112000;
112300;
112400;
112400;
112000;
112100;
112000;
115200;
111800;
112000;
111900;
112400;
112000;
111900;
112200;
432700;
111800;
111600;
111200;
111600;
116600;
112000;
111800;
111800;
111900;
111700;
111700;
111900;
111600;
111400;
111600;
111700;
114800;
111300;
111500;
121200;
127400;
131400;
128700;
135200;
127100;
126800;
133800;
113100;
113100;
427900;
113000;
113200;
112600;
112700;
114800;
112800;
112800;
112800;
112600;
113100;
112600;
113000;
116000;
112600;
112600;
127700;
118500;
117200;
111900;
114600;
112500;
112200;
112300;
111600;
112100;
111700;
111700;
113300;
111500;
408600;
112500;
121100;
115300;
112400;
122700;
123800;
111900;
112000;
111600;
115500;
632000;
112700;
111400;
114700;
111300;
111600;
111300;
112700;
112700;
112000;
111800;
129200;
142300;
123600;
112300;
111500;
111400;
111500;
116300;
423100;
113300;
111900;
111600;
115300;
111700;
111500;
111400;
120600;
112500;
112400;
128900;
127900;
127600;
122700;
114300;
112200;
111800;
111700;
111500;
112400;
111800;
116400;
116500;
112200;
112000;
112100;
112300;
112300;
112100;
450300;
113400;
112300;
112300;
112500;
113800;
112000;
112000;
112200;
112200;
111900;
112000;
112000;
114200;
111600;
111600;
111500;
111500;
111600;
111600;
111600;
105300;
111500;
111600;
118300;
127400;
127300;
122200;
122100;
111500;
396400;
112200;
112100;
111400;
111500;
111600;
111500;
111300;
111300;
111400;
111200;
113600;
119000;
112400;
112600;
111700;
111900;
112100;
112100;
114600;
111600;
111800;
111500;
111800;
111500;
111500;
112000;
731900;
119200;
118900;
398700;
130000;
111900;
119300;
121400;
113100;
117100;
113000;
112800;
112800;
113000;
112500;
114000;
112200;
112400;
112200;
112400;
112100;
112500;
118300;
123800;
127900;
128000;
117300;
112600;
112500;
112800;
119000;
111500;
111600;
404600;
112100;
114100;
111500;
112300;
111300;
112500;
111400;
111000;
111400;
112900;
111600;
111300;
111400;
124600;
113400;
111800;
116700;
129000;
116700;
111900;
112700;
113500;
111300;
111700;
112100;
112100;
112400;
112400;
113500;
401700;
112200;
111900;
112000;
112100;
115700;
112000;
114600;
112700;
111300;
112000;
111200;
112800;
111900;
112200;
112000;
111900;
111800;
111800;
111700;
113600;
111900;
111900;
111800;
111900;
112000;
111700;
112000;
119500;
112400;
471300;
112500;
113500;
112100;
112200;
112400;
112300;
112300;
112500;
112100;
773000;
112200;
112100;
113600;
112100;
111600;
112300;
111800;
111800;
111800;
112300;
112400;
112200;
111900;
112400;
124600;
112900;
114500;
112700;
112400;
395800;
112100;
111900;
118700;
123600;
127400;
121800;
113400;
112500;
112200;
114200;
112300;
112100;
118300;
112500;
112000;
113200;
112400;
113200;
112200;
111800;
111700;
112200;
112100;
112000;
113400;
112100;
112300;
112400;
112600;
397200;
113700;
112200;
112400;
112500;
112800;
112300;
112300;
112200;
112700;
112400;
112000;
112300;
112500;
112100;
112300;
113900;
112700;
118900;
112700;
117600;
116900;
112500;
112700;
114000;
112100;
112200;
112100;
111800;
112100;
396900;
112500;
112400;
112400;
117200;
121700;
112200;
117200;
112500;
111900;
112500;
111700;
112400;
112100;
112100;
111900;
112200;
112000;
112400;
113800;
112400;
112400;
112500;
112600;
119500;
121800;
112900;
704400;
112700;
113500;
481400;
114400;
113800;
113500;
113400;
112900;
117900;
113100;
113300;
112900;
112700;
113200;
131400;
113100;
113300;
113500;
113700;
113700;
113300;
112600;
112200;
112700;
112600;
112200;
112300;
112500;
112100;
113900;
112700;
112800;
393500;
113000;
112100;
119500;
111700;
112300;
111700;
111900;
129200;
127400;
125500;
117900;
112500;
112400;
112600;
112100;
112600;
112500;
112300;
112600;
112500;
112700;
112600;
112700;
113000;
120600;
112800;
113200;
112900;
113000;
447200;
112300;
112500;
112300;
112700;
112500;
112900;
112500;
114100;
112700;
112600;
112700;
112500;
116800;
112600;
114100;
113000;
113500;
117300;
114500;
113700;
123500;
113400;
124600;
122300;
112300;
112900;
112700;
112600;
112500;
392600;
113000;
112600;
112500;
112900;
112700;
114100;
112400;
112900;
112700;
112800;
113200;
118300;
115600;
604600;
113000;
112900;
122200;
119100;
113300;
119200;
113100;
113200;
113500;
113200;
113300;
113100;
113100;
117400;
113400;
434200;
119500;
112600;
117700;
113000;
111800;
117400;
113200;
113900;
113300;
115800;
113900;
114000;
113200;
113900;
113800;
114300;
114400;
116200;
113800;
114500;
114000;
113600;
113200;
113300;
114800;
112900;
115400;
113700;
113300;
399500;
136300;
127500;
120600;
112700;
112400;
112400;
112500;
115100;
112400;
112900;
126100;
117500;
113500;
122000;
120600;
115000;
112500;
112700;
113200;
112900;
113500;
113400;
122300;
113100;
113300;
113200;
116700;
113700;
113300;
413000;
113800;
114300;
112700;
113100;
113000;
112700;
113400;
112800;
112700;
112400;
113300;
113100;
113200;
113100;
116500;
123300;
128400;
122600;
122000;
115000;
113200;
118400;
112700;
113600;
658600;
120400;
113800;
116600;
113900;
411900;
114000;
114000;
121200;
114200;
113800;
114100;
114100;
114100;
113800;
114000;
113200;
113000;
113200;
113200;
113200;
113500;
113300;
115000;
113400;
113400;
113000;
113600;
113400;
113000;
113500;
113000;
112200;
112300;
112200;
414300;
127400;
131900;
128800;
122000;
112600;
117600;
112700;
116400;
113400;
113700;
113100;
113400;
113300;
113400;
113500;
114600;
113400;
113100;
113400;
113200;
113600;
123300;
115600;
114000;
113500;
113600;
113400;
113800;
113500;
399700;
112900;
112800;
112800;
112800;
113000;
116400;
112600;
112900;
112300;
113600;
112800;
112800;
112600;
123100;
130600;
126100;
116700;
113700;
112700;
113300;
114800;
113500;
113200;
113000;
113700;
113100;
112600;
113100;
113800;
396300;
113900;
113700;
113200;
681100;
112800;
113300;
122100;
125400;
115400;
119600;
112900;
113200;
112400;
112500;
112900;
112800;
112800;
131100;
113400;
113200;
113200;
112900;
125800;
129000;
137300;
119100;
118300;
121900;
113700;
461400;
114700;
114500;
117900;
114600;
113500;
114000;
116500;
114100;
114300;
114000;
113900;
114200;
114000;
116200;
114800;
115200;
115100;
115200;
115000;
116000;
114200;
116300;
114400;
114500;
114500;
114600;
114100;
113100;
114100;
406100;
113300;
113100;
113000;
120900;
116500;
118200;
117800;
117400;
114000;
113600;
113200;
115400;
114100;
113200;
113200;
112800;
122100;
115900;
113900;
114100;
113500;
113900;
113700;
113800;
114000;
113800;
129900;
114800;
114000;
422000;
114900;
114800;
114000;
113700;
128600;
116500;
118600;
113300;
113600;
113300;
113400;
112900;
113200;
113200;
113600;
125200;
893900;
116600;
116900;
115400;
114700;
115200;
115200;
115100;
114300;
125700;
114800;
114500;
113900;
411700;
115100;
113600;
114000;
114100;
113900;
114200;
114400;
114500;
115900;
114100;
114300;
113600;
113900;
114400;
113200;
113500;
113900;
112900;
113400;
113200;
136200;
117300;
121700;
134400;
128900;
122300;
119200;
121600;
113200;
402200;
113800;
113400;
113500;
113800;
113700;
113900;
114000;
113400;
123400;
118700;
113800;
112800;
113200;
113100;
113000;
113000;
112900;
114300;
113300;
113700;
112800;
113000;
112700;
113400;
114000;
113500;
113900;
114000;
113900;
401300;
114600;
114200;
113300;
123000;
116100;
113800;
113400;
115000;
113400;
113100;
113300;
113100;
113300;
113200;
113600;
115200;
113900;
114000;
114100;
113900;
113900;
119100;
117900;
114700;
113700;
113400;
113700;
113300;
113900;
416700;
608400;
113100;
112900;
113100;
112900;
121800;
113200;
113200;
112900;
113100;
113300;
112900;
124800;
139800;
129800;
130800;
115800;
118100;
113800;
116000;
114100;
113900;
113800;
114200;
113900;
114400;
114000;
115100;
113800;
406000;
114400;
114300;
114900;
114200;
114000;
114100;
114400;
114000;
113300;
113300;
113500;
113400;
113400;
113700;
113400;
113400;
113300;
114500;
113200;
113200;
113100;
113200;
113000;
113300;
113100;
115700;
136000;
134000;
118300;
401300;
115800;
113300;
113600;
113000;
119100;
114100;
115600;
120700;
114300;
113900;
114300;
113800;
114300;
114300;
114300;
114100;
114700;
114400;
114500;
114200;
114200;
114600;
119300;
114800;
114600;
118500;
114900;
114200;
114700;
426000;
114400;
113700;
114000;
114200;
114000;
117100;
125300;
117300;
115200;
119400;
118100;
114500;
725800;
114400;
115200;
137900;
115200;
114900;
115000;
114800;
115000;
115100;
116900;
115300;
115200;
115300;
114900;
115000;
115300;
404300;
113600;
113700;
113600;
113700;
113200;
117400;
113200;
113600;
113400;
115500;
114900;
112900;
113100;
113700;
122000;
131500;
131200;
123900;
113900;
113600;
113600;
113200;
113600;
113700;
115000;
114000;
114100;
114400;
114200;
427400;
119200;
114600;
113400;
113900;
113100;
113200;
115000;
113800;
113500;
113700;
113500;
113400;
113300;
113300;
115300;
113900;
113700;
113600;
113900;
113800;
113700;
113300;
113100;
113900;
113400;
113700;
113600;
122600;
131800;
438900;
115200;
114000;
113600;
113500;
115600;
113600;
114200;
113600;
113800;
113500;
113600;
114900;
113700;
113300;
114300;
114400;
114300;
114200;
114100;
124900;
114900;
114200;
115600;
113200;
113200;
113600;
113100;
113300;
113500;
477100;
523400;
113600;
115000;
113300;
114900;
127400;
114800;
119700;
114500;
115300;
114600;
114300;
114000;
124900;
118200;
114600;
115500;
114900;
114300;
114600;
114900;
114600;
114200;
113800;
115300;
113900;
114300;
114000;
113900;
408500;
114300;
114000;
113700;
113900;
114200;
114200;
114000;
116100;
114000;
114400;
113700;
114000;
113900;
113900;
115200;
113900;
113900;
113900;
123400;
114200;
113500;
113600;
114600;
113300;
113100;
113300;
116200;
113100;
113900;
423900;
114000;
113900;
113500;
113400;
113600;
113600;
114000;
113600;
113500;
113800;
113700;
114000;
115800;
113900;
113900;
118000;
114800;
114600;
114600;
113300;
112700;
113200;
112900;
113000;
112900;
113100;
114000;
116800;
138900;
404500;
115400;
122500;
123100;
114600;
114600;
114700;
114600;
114500;
114800;
114200;
684500;
115500;
115100;
123300;
114800;
114900;
114700;
114300;
114700;
115200;
115300;
114800;
114900;
114700;
115100;
115300;
114700;
115400;
117200;
411300;
131900;
115400;
115200;
114600;
114100;
114200;
114400;
144300;
133500;
132600;
120600;
116000;
115400;
115400;
116400;
116200;
114900;
114700;
114500;
114700;
118400;
124700;
114700;
115200;
114600;
128400;
120200;
114600;
115800;
422900;
114900;
114300;
