25500;
8800;
5500;
5200;
5100;
8200;
11700;
5200;
5100;
5200;
5200;
5100;
5100;
7300;
5200;
5100;
20600;
17200;
5300;
5200;
5100;
5100;
7300;
5300;
7500;
5300;
5300;
5300;
5200;
5300;
7500;
7300;
5300;
5300;
12800;
5200;
5200;
5300;
7500;
5200;
7500;
5300;
7300;
5300;
87000;
5500;
5300;
7600;
9400;
7400;
5300;
5300;
7400;
5400;
5300;
107200;
5400;
5500;
5300;
5300;
5300;
5200;
5300;
5300;
5300;
5200;
5200;
5300;
7500;
5200;
5300;
7500;
5300;
7400;
7300;
5300;
5400;
5300;
7400;
5300;
5400;
12800;
5400;
8600;
5300;
5300;
5300;
5400;
5300;
9300;
5200;
5400;
7500;
5400;
5300;
5300;
5100;
5200;
7400;
7100;
5200;
7200;
5300;
5200;
5100;
9000;
12200;
7200;
5100;
5200;
5200;
5100;
5100;
5100;
5100;
5200;
7300;
5200;
7200;
5100;
5200;
5100;
5100;
5200;
9000;
5100;
5400;
23500;
5300;
5200;
5100;
5100;
7200;
5100;
5200;
5100;
5100;
5100;
5200;
7200;
5200;
10800;
5200;
5200;
5100;
9200;
5100;
5100;
10700;
5200;
5200;
5100;
5100;
5100;
9100;
5200;
5200;
8900;
5200;
5200;
7300;
12200;
15100;
8900;
8400;
9000;
46400;
9200;
12200;
29000;
9000;
46700;
9300;
8900;
9300;
8900;
13400;
12400;
18300;
10400;
9900;
10200;
10200;
9400;
9100;
10600;
12800;
9900;
11400;
5800;
5200;
5200;
5100;
7800;
7300;
5200;
5100;
9100;
5200;
5100;
5200;
5200;
5200;
5100;
9100;
5200;
5200;
7400;
5200;
12500;
7300;
5200;
15100;
9700;
5700;
5200;
9500;
5200;
5300;
5100;
5200;
5100;
5300;
7700;
10600;
10000;
12600;
8200;
5400;
5100;
5200;
5100;
5200;
5200;
5100;
5100;
5300;
5300;
7600;
7300;
5200;
5300;
5100;
5100;
5100;
5200;
5200;
5100;
7300;
5100;
7200;
5200;
5200;
7100;
5100;
7200;
5100;
7200;
5200;
7300;
5300;
10900;
7300;
5200;
5200;
5100;
5100;
5100;
5100;
5100;
5100;
5100;
9200;
10600;
5200;
5200;
9000;
5200;
8900;
5200;
5400;
10800;
5200;
9000;
10700;
5200;
5300;
5100;
5200;
5000;
7200;
5000;
5300;
5300;
7300;
7200;
5300;
5100;
5100;
5000;
5200;
7200;
7200;
7100;
5200;
7200;
9100;
5400;
5300;
22800;
9300;
5200;
10900;
5200;
5000;
10900;
9000;
10700;
8900;
5200;
5200;
5200;
7300;
5200;
5400;
8900;
7500;
5200;
7200;
5100;
17200;
5200;
7200;
5200;
7200;
5200;
5200;
7300;
5100;
5100;
5300;
5100;
5300;
5100;
5100;
10800;
5200;
5100;
5200;
9900;
7300;
5200;
5200;
5100;
5100;
7200;
5100;
5200;
7300;
7200;
5200;
5100;
7300;
9000;
5300;
10900;
5200;
5200;
5300;
10800;
5300;
5200;
10800;
20900;
5300;
7400;
5300;
7400;
5200;
7200;
5300;
7200;
5200;
7300;
7300;
5300;
10900;
5300;
5400;
5100;
5300;
16700;
7400;
5300;
5200;
5200;
5200;
5200;
5200;
5200;
27000;
5100;
5200;
5200;
9200;
12300;
5300;
5200;
5300;
5200;
11000;
7200;
5300;
5200;
9000;
12300;
5300;
7300;
5200;
5100;
5200;
17000;
7300;
7300;
5300;
5200;
5300;
9200;
5400;
7300;
7200;
5200;
7300;
5200;
5200;
5100;
5200;
5300;
7300;
7300;
7200;
5100;
7100;
8900;
5300;
5100;
5100;
5100;
5200;
5100;
5200;
5100;
7200;
5200;
7300;
26800;
7400;
16800;
5200;
5300;
5200;
5100;
5100;
5100;
5200;
5200;
5300;
5300;
5200;
5100;
7300;
5200;
5300;
5100;
5100;
5100;
5200;
9000;
5200;
5200;
5200;
10900;
5200;
5100;
9000;
7300;
5100;
5100;
5100;
7200;
7200;
5200;
5200;
5100;
7300;
5200;
5200;
5100;
10900;
5100;
5200;
5200;
5200;
7300;
5100;
5100;
5200;
5200;
7200;
5200;
7300;
5200;
5200;
5200;
5200;
5100;
5200;
7300;
5200;
5200;
5000;
7200;
10800;
5200;
7200;
9000;
5300;
5200;
5200;
7100;
7300;
5200;
5100;
7100;
5300;
5100;
5200;
5100;
5300;
5100;
5000;
5300;
7300;
5200;
5100;
5200;
7300;
5200;
5100;
20500;
7500;
5200;
10800;
9000;
5300;
5200;
5100;
5100;
5200;
10800;
5100;
9000;
5300;
12200;
10800;
12300;
7600;
5100;
5100;
9100;
5200;
5300;
12300;
5200;
5200;
7300;
6600;
5400;
5200;
34000;
7300;
5200;
5300;
9100;
5200;
5200;
9100;
7400;
5400;
5100;
7300;
8900;
7400;
5200;
5200;
7300;
9000;
5800;
5200;
7300;
5300;
7300;
7200;
7100;
7200;
5200;
8900;
5400;
5400;
5300;
5100;
5200;
5300;
5000;
12400;
7200;
5300;
5200;
5200;
5100;
5300;
5100;
5100;
5200;
5300;
12200;
5200;
7400;
5300;
10900;
7300;
5200;
5300;
5300;
5200;
5200;
5300;
5300;
5200;
9000;
5200;
5100;
7200;
5100;
10800;
5200;
5100;
5200;
9200;
8600;
5500;
5500;
7900;
5300;
5200;
5100;
5400;
5200;
5100;
5200;
5200;
5200;
5100;
7400;
11100;
5400;
5200;
5200;
5400;
7300;
5100;
5200;
5200;
5100;
7500;
21900;
5400;
7300;
5200;
5300;
7200;
12400;
5200;
7200;
9000;
12300;
5300;
8900;
5200;
5200;
5100;
5300;
7300;
5100;
5100;
5100;
5200;
5100;
9100;
10800;
5300;
5100;
5200;
5200;
5300;
9100;
5200;
5200;
7600;
5200;
5100;
7300;
5300;
7400;
5100;
7300;
7300;
5100;
7300;
5200;
5300;
5100;
7200;
5100;
5200;
9000;
5100;
5100;
7300;
5100;
5100;
5100;
7300;
5200;
7300;
5200;
5200;
5100;
5200;
9000;
7300;
5200;
7300;
5400;
5200;
5200;
5200;
5100;
5100;
7300;
5300;
12400;
5300;
5200;
5200;
5400;
39100;
5200;
5200;
5100;
5100;
5200;
7600;
5300;
5100;
7200;
5200;
5100;
5000;
5000;
5200;
5100;
5400;
9000;
7200;
5200;
7200;
5200;
11000;
5200;
7200;
5100;
7300;
38700;
5200;
5200;
10300;
7500;
8900;
5200;
5200;
9000;
7200;
7200;
5200;
5200;
5100;
7200;
7300;
8900;
5200;
5100;
7300;
24400;
7300;
5200;
5200;
5100;
5100;
5100;
9000;
5200;
23200;
5300;
5200;
5100;
5200;
7300;
5200;
5200;
7400;
8900;
5200;
5100;
17000;
5300;
7200;
7400;
7300;
5300;
5300;
5100;
7500;
5400;
7600;
5200;
5400;
5100;
7400;
12400;
9100;
5200;
5200;
5100;
5300;
5200;
5200;
7200;
5200;
9000;
5100;
5200;
9000;
5200;
5200;
7200;
5300;
5200;
5200;
7300;
9100;
5100;
5200;
5100;
5200;
5100;
5200;
5200;
7400;
5300;
13300;
5300;
5200;
5100;
12200;
5200;
9000;
5200;
5200;
5100;
5200;
7300;
5100;
5200;
5200;
5100;
7200;
5200;
7300;
5100;
7200;
8900;
5300;
5200;
7300;
5100;
5200;
5300;
8900;
5200;
7300;
5300;
5200;
5100;
5100;
5100;
5200;
5200;
5100;
5100;
5200;
5300;
5200;
5300;
5500;
5100;
16900;
5100;
5200;
5200;
7400;
7200;
16800;
5200;
5200;
11000;
5200;
5200;
5200;
9200;
5300;
5200;
5200;
5000;
22900;
5200;
5100;
5400;
7200;
16700;
5200;
5200;
36100;
6200;
5200;
7300;
49200;
7200;
5100;
5200;
5200;
5200;
5300;
5100;
5200;
5100;
5300;
5200;
5100;
10900;
5200;
5200;
5100;
5200;
5300;
7200;
5200;
5200;
7400;
5300;
5100;
9000;
5200;
5100;
5100;
5200;
7200;
5200;
5200;
7200;
5300;
5100;
7300;
5300;
5200;
5200;
5100;
5100;
7300;
5100;
5200;
5100;
5100;
5100;
5100;
5100;
9200;
5200;
5200;
5200;
16900;
5300;
7400;
5200;
5200;
5100;
7200;
5100;
5100;
9000;
7300;
5200;
5200;
5300;
11000;
5300;
5200;
5200;
5200;
6000;
5200;
5000;
7300;
10700;
5200;
5100;
5200;
5200;
5200;
5100;
5100;
5000;
5200;
24000;
9000;
5100;
5300;
8900;
5100;
5200;
5200;
22700;
5200;
5300;
5100;
7300;
5200;
24700;
7300;
7100;
7200;
7100;
5200;
9100;
5100;
5200;
5200;
5100;
5300;
5100;
5200;
5100;
5200;
5100;
5100;
5100;
5200;
5100;
5100;
5200;
5300;
5100;
7500;
5200;
7300;
8800;
5100;
5100;
5200;
5200;
7200;
5200;
7200;
5100;
5500;
7300;
5100;
5200;
5100;
7200;
5200;
5000;
51900;
5200;
5100;
5100;
5200;
9200;
5200;
5300;
5300;
5200;
33600;
5200;
7400;
18800;
5300;
5200;
5300;
24700;
5200;
22800;
7400;
5300;
7200;
5200;
5200;
7300;
5200;
5100;
9100;
5200;
5200;
7400;
7300;
7300;
5300;
5200;
5400;
7300;
7400;
5300;
5100;
9000;
5100;
5100;
5300;
5100;
7200;
5200;
5200;
5100;
5100;
5100;
5200;
5100;
12400;
5200;
5300;
9100;
5400;
5200;
5300;
5200;
5200;
5200;
5400;
5200;
7500;
5200;
5200;
7200;
5300;
5100;
5300;
5400;
5100;
7300;
27300;
5300;
5200;
5300;
7600;
18400;
7400;
5200;
12500;
5400;
7300;
7100;
5600;
5200;
9200;
5600;
95100;
7700;
5200;
5300;
5400;
5400;
5400;
7300;
5400;
9000;
5300;
9200;
5400;
5100;
7400;
5300;
5400;
5300;
5100;
5100;
7400;
9100;
5200;
7300;
7200;
5200;
9000;
7200;
7400;
9000;
5300;
5300;
7300;
5400;
5200;
7300;
7400;
5400;
5400;
5300;
5300;
5100;
7400;
5200;
7400;
8900;
5200;
5200;
5400;
7300;
7400;
5200;
11000;
5200;
5200;
5200;
5100;
11000;
5300;
5200;
5200;
5100;
5100;
7300;
7300;
5700;
5100;
7400;
5200;
5200;
7300;
7200;
5400;
5200;
7100;
7200;
5600;
7200;
5200;
23700;
7400;
5700;
9100;
5200;
7400;
5200;
5200;
5200;
5300;
5200;
5100;
5200;
5200;
5200;
5100;
5100;
5100;
5200;
5200;
5200;
5200;
5100;
5300;
7300;
5200;
9000;
9000;
5300;
5200;
5100;
5300;
5200;
9000;
5300;
5200;
5200;
7300;
5100;
5100;
5100;
5200;
5100;
17100;
5100;
5200;
5100;
7200;
9000;
7300;
20500;
5300;
7300;
5300;
5300;
5200;
11200;
11000;
10800;
5200;
7400;
5300;
5200;
5300;
7300;
5300;
7200;
7200;
5300;
7400;
5400;
7300;
5300;
5400;
5300;
5200;
5300;
5300;
5200;
5200;
9200;
17100;
5200;
5200;
5200;
5300;
5200;
7400;
5100;
5200;
26700;
5300;
5400;
5300;
5200;
7300;
5200;
5300;
5200;
5400;
5300;
7300;
5300;
5200;
5200;
5300;
5300;
5200;
5200;
5300;
5200;
5200;
7200;
5200;
11000;
7300;
7200;
5200;
26100;
9300;
8400;
8100;
5400;
5300;
5200;
5400;
5200;
5200;
5200;
5300;
5200;
9700;
5300;
5300;
5400;
21700;
5300;
5200;
5400;
7400;
5300;
5100;
5200;
5500;
5300;
5300;
5200;
5200;
5300;
5100;
5300;
5300;
5000;
9300;
5300;
5400;
5300;
5200;
7400;
9100;
5300;
5200;
5200;
7400;
5200;
5300;
9000;
5300;
5100;
5200;
5200;
5200;
5200;
5200;
7400;
5300;
146000;
5300;
5200;
5200;
5200;
5400;
5200;
5200;
5200;
5400;
7300;
5200;
5100;
9000;
5300;
12600;
7300;
5100;
5300;
5200;
5200;
5300;
5100;
5200;
5200;
9100;
5200;
5200;
5200;
5200;
5100;
5200;
7300;
5200;
7100;
5100;
5200;
5100;
5200;
5100;
5200;
7300;
5300;
9000;
5300;
11000;
5200;
5200;
5100;
5200;
7300;
5100;
5200;
5200;
5100;
7200;
5300;
5300;
5100;
10900;
5300;
5400;
5200;
12300;
7400;
5300;
5200;
5200;
5400;
5200;
5100;
5100;
9100;
10700;
59400;
5500;
5300;
5300;
7200;
5100;
5100;
7400;
5200;
5300;
5100;
5300;
5200;
5500;
5200;
5300;
5100;
5300;
9300;
5300;
7300;
5200;
7200;
7200;
5200;
25900;
5200;
7400;
5200;
7200;
7400;
5300;
5200;
5200;
5100;
5300;
7300;
7200;
7200;
5400;
7200;
5100;
17100;
5700;
9000;
7300;
5200;
7400;
5200;
5200;
9000;
5200;
5300;
7300;
5100;
5200;
7300;
5200;
7300;
5200;
5200;
5100;
5300;
5200;
5100;
5200;
5300;
5300;
7300;
5200;
16900;
5300;
5200;
12500;
5200;
5400;
9000;
5300;
5300;
5400;
7200;
5200;
5200;
5200;
5300;
10800;
5600;
5400;
5200;
5200;
5100;
5200;
5200;
7300;
9200;
5300;
5200;
5200;
5200;
5300;
5100;
5200;
5200;
5200;
5200;
5200;
5300;
5400;
9100;
7300;
5200;
5200;
5200;
5100;
5200;
5300;
5200;
7300;
5300;
9000;
5100;
5300;
5100;
11000;
5500;
5200;
5200;
5200;
5200;
7300;
7200;
5500;
5100;
7100;
7200;
5200;
7300;
7200;
5300;
5200;
5100;
5200;
5100;
9000;
5200;
5100;
5200;
5100;
5300;
10900;
5200;
7400;
5300;
5400;
9100;
5300;
5200;
5200;
9100;
5100;
5100;
9000;
30000;
5300;
5200;
5100;
5200;
5300;
5200;
5100;
5200;
11000;
7300;
10700;
5300;
5400;
7400;
5200;
7400;
5200;
7500;
5100;
5300;
5300;
5300;
5200;
5100;
5300;
5200;
5300;
7300;
5200;
18900;
5300;
5200;
5400;
9000;
9000;
5400;
5100;
7400;
5300;
5200;
5200;
5100;
7300;
7200;
5200;
5200;
5100;
5400;
5100;
9100;
5300;
5200;
5200;
7300;
5200;
7200;
7500;
5200;
5100;
5200;
5400;
9100;
5400;
5300;
5100;
5100;
5200;
5100;
11100;
5200;
5200;
5100;
5400;
5200;
5200;
8400;
5400;
7300;
5300;
7300;
5300;
5200;
5100;
9100;
5400;
7200;
5200;
7700;
5200;
5100;
5200;
5300;
5600;
5200;
5200;
5100;
7300;
10900;
5200;
5300;
5200;
5000;
5200;
5200;
8900;
5200;
5200;
5200;
5200;
5200;
5200;
24400;
5200;
5300;
5200;
7500;
5200;
5000;
5200;
5300;
9100;
5200;
5300;
5200;
5300;
5300;
9200;
5200;
5200;
5100;
7300;
5200;
5100;
7200;
9000;
5100;
7300;
5200;
5200;
5100;
5200;
19000;
5400;
7400;
5200;
5100;
5200;
11000;
7300;
5200;
5200;
10800;
5200;
5200;
9200;
7300;
5200;
9100;
10900;
5200;
5200;
7200;
7200;
5200;
5300;
20600;
5200;
9000;
7300;
5200;
7200;
7200;
5200;
5100;
5200;
5200;
5200;
5100;
7200;
5200;
5300;
5100;
10800;
5200;
7300;
5300;
5200;
5300;
7300;
10800;
5100;
5100;
5200;
9000;
5300;
5200;
5200;
5200;
5000;
5300;
5200;
7400;
5200;
5100;
5200;
5200;
7300;
5100;
5100;
5300;
9100;
5100;
7200;
5100;
5200;
5100;
9000;
5200;
7200;
5200;
5200;
5100;
7200;
7100;
7100;
5200;
5300;
18900;
9200;
5200;
5200;
5100;
9000;
5200;
5200;
7300;
7100;
5300;
5300;
7100;
7100;
5100;
5200;
7100;
5100;
7100;
5200;
7200;
5200;
7100;
5100;
7100;
5100;
5100;
10800;
5100;
5000;
7200;
5100;
5000;
7100;
5100;
5200;
12200;
16700;
5200;
5000;
5100;
7200;
5100;
5200;
7100;
5100;
7100;
7300;
5100;
5100;
48300;
12200;
5200;
5200;
7200;
5300;
5100;
7100;
7100;
5100;
7100;
5200;
8800;
5200;
5100;
5100;
10600;
7300;
5100;
5100;
5000;
5100;
7100;
5000;
7100;
5100;
11700;
5200;
5100;
5100;
7200;
7200;
5200;
7200;
5200;
5200;
5200;
5300;
5100;
5300;
5100;
5000;
7200;
5100;
5100;
5100;
5200;
7300;
5100;
12200;
5200;
5400;
7200;
5100;
5200;
5200;
5200;
9000;
5100;
17200;
5100;
5200;
5100;
23100;
7400;
5100;
5100;
10800;
5100;
12300;
10700;
5300;
5000;
5100;
5100;
7300;
5200;
5100;
5100;
9100;
5300;
5000;
5100;
5200;
8900;
5100;
5300;
5400;
5200;
9000;
7100;
5200;
5100;
5100;
5100;
7200;
5100;
8900;
5200;
5300;
5100;
5200;
5200;
5300;
7100;
5100;
5100;
7300;
5200;
4900;
5100;
12200;
5100;
5100;
5100;
7500;
5200;
7400;
9100;
5300;
9000;
5200;
5200;
7400;
5200;
7200;
10600;
7300;
5700;
9300;
5200;
7100;
7200;
5200;
5300;
5200;
5100;
8900;
7200;
5200;
5100;
7300;
7100;
7100;
8900;
5300;
5200;
10700;
7200;
5700;
5100;
5100;
5200;
5500;
7200;
5200;
7100;
5200;
5300;
5000;
5200;
5300;
5300;
5200;
10800;
7200;
8800;
7200;
7100;
5300;
24900;
5300;
7100;
10800;
8900;
7300;
6200;
8900;
7200;
7300;
5100;
26400;
5300;
7200;
5200;
5500;
5200;
5200;
5100;
8900;
7200;
5200;
8900;
5300;
5100;
7200;
5200;
7400;
7100;
5100;
5200;
5100;
5200;
5100;
5100;
5300;
5200;
5000;
5200;
5200;
5200;
5000;
5200;
5700;
77600;
5100;
5100;
5200;
5200;
5000;
5200;
5200;
5000;
10900;
5200;
5100;
5000;
5200;
5100;
5200;
10600;
5200;
7200;
5400;
5100;
5100;
5000;
9000;
9000;
7300;
5100;
5200;
7100;
5200;
5200;
5100;
5500;
5300;
5100;
6000;
5200;
5100;
5200;
7200;
5200;
5200;
5100;
7300;
5200;
5200;
12200;
5500;
5100;
7200;
5100;
9000;
7200;
8900;
7300;
7100;
7000;
5200;
5200;
5100;
5100;
5100;
5100;
5100;
5100;
7300;
5100;
5100;
9000;
5200;
7100;
5100;
8900;
7200;
5100;
7200;
5400;
5100;
5200;
5100;
7200;
9000;
5200;
10700;
7100;
7300;
5200;
7100;
7100;
9000;
7300;
5200;
8900;
5200;
5400;
5100;
5100;
5100;
5000;
17000;
5100;
8900;
7200;
7100;
10800;
5300;
5200;
5100;
5300;
10700;
5200;
9800;
5200;
5200;
5200;
5100;
7200;
7300;
5100;
7000;
7300;
5200;
7100;
5200;
5000;
7200;
7100;
7100;
5200;
5200;
5100;
5000;
7100;
5100;
9000;
20300;
5200;
8900;
10600;
5200;
5200;
5100;
8900;
5000;
5100;
5100;
5000;
5100;
6200;
5300;
5300;
5200;
12700;
5400;
5200;
5200;
12300;
5200;
5100;
10600;
7300;
5100;
5200;
12500;
5300;
5100;
7100;
5100;
5000;
7300;
5200;
5300;
5400;
5200;
5100;
9200;
5300;
5300;
5100;
5300;
5200;
5200;
5300;
5200;
5200;
5300;
5300;
5100;
5200;
5200;
7300;
12300;
5400;
5200;
7300;
5200;
5200;
9000;
5100;
5400;
5300;
7300;
5200;
5100;
5200;
5200;
5100;
5200;
5300;
17300;
5300;
5200;
5200;
5200;
5500;
5300;
5200;
27000;
5200;
5200;
5400;
5400;
5300;
5400;
5300;
7400;
7200;
7200;
5200;
5200;
8900;
10700;
7500;
7300;
9000;
7400;
5100;
7200;
5200;
7300;
5200;
5200;
10800;
5200;
5200;
5300;
5200;
5400;
5100;
7400;
5200;
7200;
5200;
5300;
7200;
5200;
9000;
7700;
10700;
5300;
7100;
5400;
5200;
5200;
5200;
7200;
5100;
7300;
10600;
5200;
5100;
5200;
5100;
5200;
7100;
5100;
5000;
5200;
5100;
9100;
8800;
5200;
7200;
5100;
5200;
5200;
5100;
5100;
5100;
5300;
5200;
5100;
5100;
25300;
7300;
5300;
5200;
5500;
5100;
7200;
5400;
5100;
12300;
5200;
7200;
5200;
7400;
5100;
7200;
7600;
7100;
5300;
5200;
5400;
5100;
7400;
7200;
7300;
7400;
5100;
5200;
5100;
5300;
7300;
5100;
5400;
5100;
5000;
5100;
7400;
5000;
10800;
7400;
5300;
5100;
7200;
5200;
6200;
5100;
5200;
5200;
19000;
5200;
7200;
7200;
7100;
7200;
5300;
5200;
5200;
5200;
5100;
7100;
7100;
5200;
5200;
5300;
5300;
5300;
5100;
5100;
7400;
5100;
7500;
7200;
7300;
7400;
5300;
10700;
7200;
5500;
5100;
12500;
5300;
5100;
10900;
5100;
5400;
5100;
5200;
5200;
9100;
7100;
5200;
5300;
5700;
5200;
5100;
5300;
5700;
5100;
7400;
8900;
36000;
5200;
8300;
5100;
9100;
5200;
7400;
5100;
5100;
5100;
5100;
5200;
9200;
5200;
5200;
5100;
12300;
7300;
9100;
7100;
5800;
5300;
5200;
5200;
5200;
5100;
5200;
5100;
10900;
5300;
5200;
5200;
5300;
7300;
5200;
5300;
5400;
5000;
5200;
7400;
5200;
5100;
5200;
7300;
5100;
5100;
10800;
5300;
5100;
5200;
9200;
5100;
5100;
7400;
5200;
10900;
5300;
7200;
5200;
5100;
9100;
5300;
5100;
5100;
7400;
5200;
7300;
5200;
5200;
5400;
5100;
5300;
5000;
5200;
7300;
8900;
5300;
9000;
5300;
7200;
7300;
5200;
8900;
5200;
5300;
5200;
7500;
5200;
5200;
5300;
5100;
5100;
5300;
5200;
8900;
7200;
9100;
5200;
7300;
8900;
5400;
5300;
7200;
5200;
7300;
5100;
5200;
12400;
5300;
7400;
5200;
5200;
17200;
5300;
7400;
7100;
7400;
5500;
5300;
7400;
5300;
7200;
9100;
5400;
5300;
5300;
5200;
5200;
7400;
5100;
7200;
7100;
5400;
5300;
7300;
5100;
7200;
5200;
7200;
5200;
5200;
5200;
5200;
5200;
5400;
5200;
7400;
5300;
9100;
10800;
27200;
9500;
9000;
5400;
5500;
5200;
7200;
5200;
5200;
7200;
5200;
7300;
9000;
5200;
7300;
5200;
5200;
10700;
8800;
5300;
5300;
9800;
5300;
5200;
5300;
5200;
7400;
7200;
7200;
5200;
9000;
8800;
7400;
5100;
7100;
5100;
5200;
9100;
5200;
5100;
7500;
5200;
5200;
5100;
5300;
7400;
5400;
5200;
5100;
7400;
17200;
5200;
5400;
5100;
5300;
5200;
5200;
5400;
5200;
7200;
5400;
7200;
9200;
5200;
7500;
5200;
5200;
5200;
5400;
5200;
7500;
5100;
5000;
5200;
5200;
5100;
7200;
7200;
5400;
5200;
12400;
5400;
5200;
5000;
5300;
37400;
5200;
5200;
25800;
5300;
5400;
5500;
5100;
5200;
7500;
6200;
5400;
5200;
5200;
9300;
5300;
17600;
5400;
5400;
7500;
5300;
5200;
5200;
7500;
9000;
9100;
5300;
5200;
12300;
5300;
5600;
7500;
5200;
5200;
5100;
5700;
5100;
7200;
7500;
5200;
5300;
5300;
5400;
11400;
5200;
7500;
5300;
5200;
18900;
20300;
7200;
5300;
5300;
5100;
5400;
5400;
5300;
5200;
5200;
5500;
5100;
5600;
7300;
5100;
7200;
5400;
5100;
5200;
5100;
5300;
11000;
5400;
5200;
11000;
9100;
17400;
10900;
5400;
7300;
5500;
5500;
7200;
6300;
12500;
5200;
40300;
5400;
5400;
5100;
5200;
5200;
5200;
5300;
10900;
7500;
5400;
5300;
10800;
5400;
5300;
5200;
5300;
9100;
9000;
5200;
5200;
5200;
5200;
5200;
5100;
5200;
9100;
7200;
5500;
5100;
5100;
7300;
7200;
5300;
8900;
5400;
5200;
5100;
5200;
5300;
24500;
5400;
5300;
7400;
5300;
5200;
11200;
5200;
11000;
5300;
5400;
34200;
7600;
5100;
5300;
5100;
7200;
5200;
9100;
9000;
5100;
5300;
5200;
9000;
5200;
5100;
5300;
5100;
7300;
5200;
5200;
7300;
5200;
5400;
5200;
9200;
5200;
5200;
5200;
9100;
5400;
5000;
5300;
5200;
5200;
5100;
5400;
7500;
5200;
5100;
5300;
7300;
5200;
5300;
7400;
5700;
5100;
5100;
5200;
5400;
7300;
7200;
7400;
5300;
5300;
5200;
9200;
5200;
5200;
5100;
5200;
8800;
5400;
5300;
5100;
7300;
5200;
5200;
5300;
5100;
7200;
5200;
5300;
5900;
5300;
5200;
9100;
5200;
5600;
5100;
5200;
5200;
7400;
5400;
5100;
7100;
7300;
5200;
7400;
5300;
5200;
5300;
5200;
5200;
5500;
7300;
7600;
7300;
7400;
5200;
8900;
5300;
5200;
5200;
5100;
9000;
5200;
5200;
5100;
5200;
5600;
5200;
5300;
5200;
5300;
5100;
5200;
24000;
7400;
5100;
9000;
5100;
6400;
7300;
5200;
9000;
5700;
9100;
5200;
9000;
5200;
7200;
5100;
5200;
7600;
7200;
5200;
9000;
5400;
5100;
5100;
7300;
5100;
5100;
5300;
5100;
5200;
5200;
5100;
7300;
7300;
8900;
5200;
5100;
7300;
5200;
11000;
5200;
53800;
5200;
5100;
5000;
5900;
5100;
5200;
17700;
5200;
7300;
5300;
7600;
5000;
5000;
7200;
7300;
5200;
11000;
5300;
5100;
9000;
5200;
5200;
5200;
5200;
5200;
5200;
20800;
5300;
5100;
5600;
5100;
5100;
5100;
5300;
5100;
5100;
8900;
5100;
5200;
5300;
5100;
5200;
5100;
5500;
5100;
5100;
5100;
5200;
5100;
12400;
5200;
5200;
5200;
5200;
5100;
5300;
5000;
5100;
5100;
5300;
7300;
5100;
5200;
5100;
7300;
7100;
5200;
5300;
5200;
5100;
9000;
5200;
5000;
5100;
7400;
7200;
7200;
9000;
5300;
10700;
5100;
5200;
5200;
5200;
39000;
5200;
7500;
5300;
5900;
12500;
5300;
5200;
19000;
5200;
5200;
5200;
5200;
25800;
5200;
11200;
5200;
5100;
8900;
7500;
7300;
5300;
5200;
5100;
5200;
5200;
5000;
5100;
27000;
5100;
5100;
5200;
5100;
37000;
5200;
5200;
7400;
18700;
5400;
5300;
5300;
5200;
7200;
7300;
16700;
10900;
9100;
5300;
5200;
5200;
9100;
5200;
5200;
7200;
5400;
5100;
5100;
5100;
5600;
5100;
5200;
5300;
5200;
5300;
5200;
5200;
5200;
7300;
5200;
5200;
5200;
5200;
5100;
5300;
9000;
6200;
8900;
5100;
5100;
5300;
5100;
7300;
5100;
10900;
5200;
7200;
5100;
5200;
5100;
5100;
5100;
5300;
5100;
7400;
7200;
5300;
17000;
5200;
5100;
7500;
5200;
5100;
5300;
7300;
5200;
5300;
5100;
5300;
7200;
5100;
12300;
7300;
5200;
5200;
5100;
5300;
5200;
10900;
5300;
5200;
8900;
5200;
16900;
5500;
9100;
7400;
5100;
5300;
5200;
5300;
7200;
7200;
5200;
7200;
8900;
7300;
5200;
5300;
5200;
5100;
5100;
5100;
5300;
7200;
8800;
5200;
5200;
26900;
5300;
5200;
5100;
7300;
5400;
5400;
5200;
7100;
5300;
5300;
5100;
5300;
5200;
5300;
5400;
7300;
5100;
5400;
5300;
5000;
9100;
7300;
7200;
5300;
5200;
8900;
5200;
5200;
7200;
5300;
10900;
10700;
5200;
5300;
7300;
7300;
5200;
5400;
5100;
5100;
9200;
33500;
5300;
5300;
11300;
11100;
5200;
10600;
7500;
5400;
5200;
5200;
5400;
5300;
5200;
5300;
5200;
5200;
5100;
5100;
5100;
5200;
5300;
11000;
5300;
5300;
7200;
7200;
5500;
5300;
7400;
5200;
5300;
5300;
5400;
5200;
5200;
5300;
5200;
5000;
5100;
7900;
7200;
5200;
5200;
5300;
7200;
5500;
7500;
5300;
9400;
5300;
13700;
11400;
5200;
5300;
7300;
17700;
5600;
5400;
5300;
9900;
5500;
5200;
5100;
7500;
5300;
7500;
5300;
5200;
5200;
5300;
5700;
5300;
5300;
11300;
7300;
7400;
5400;
5500;
7300;
5400;
5100;
7500;
5400;
12600;
5500;
5600;
5300;
9200;
7300;
5400;
5400;
7500;
5200;
5300;
9400;
5300;
5200;
5200;
9000;
7400;
5200;
5300;
9300;
7400;
5200;
5200;
5300;
5100;
7500;
19200;
5500;
9300;
5300;
5300;
11300;
5600;
5200;
12400;
5300;
5300;
7400;
12300;
5300;
5300;
5200;
26200;
5300;
5600;
5300;
7700;
5400;
5300;
5300;
7400;
5200;
5400;
5100;
5200;
5200;
7300;
5300;
5400;
5400;
5100;
7400;
5300;
5100;
5300;
5300;
5200;
33500;
5200;
5200;
5600;
7600;
5200;
5100;
7300;
5300;
5400;
5100;
5100;
5300;
5200;
5200;
7300;
5100;
7200;
7300;
5200;
5300;
5300;
5200;
5300;
38400;
5300;
5200;
5200;
5200;
5100;
5200;
7700;
5200;
5100;
7200;
5300;
9300;
8900;
5200;
9000;
5300;
5300;
7300;
9100;
24300;
5300;
5200;
20300;
5500;
5300;
5200;
5300;
5200;
7500;
9300;
5400;
19400;
5900;
5200;
5400;
5400;
7800;
5300;
5300;
7500;
7400;
5200;
5300;
9100;
5400;
5100;
12300;
5200;
9200;
5300;
5200;
5300;
5500;
5200;
5200;
7400;
5400;
5300;
9100;
5100;
5300;
5300;
7200;
7300;
5400;
10900;
5200;
5200;
5300;
7300;
5200;
5300;
17100;
5200;
5300;
7500;
5300;
7400;
5300;
5100;
33800;
5200;
5100;
9200;
7400;
5300;
5300;
5200;
5300;
9200;
5200;
5300;
5200;
5200;
5100;
5300;
5200;
7500;
5400;
12300;
5300;
5100;
5200;
8900;
5300;
12100;
7300;
7300;
5200;
5300;
5200;
12200;
7300;
5200;
6200;
6000;
19200;
7300;
35700;
7500;
5300;
5100;
5200;
5100;
5300;
5200;
7300;
5100;
9000;
5100;
5100;
5000;
5300;
5100;
7400;
5100;
7200;
5200;
5400;
5100;
5300;
5200;
7400;
12200;
5300;
9000;
5200;
8900;
5300;
5100;
7300;
5200;
7200;
5400;
5300;
5100;
5300;
7200;
5200;
5200;
7300;
5200;
11000;
5200;
10800;
5300;
5200;
5200;
5300;
5100;
5100;
7200;
9200;
7400;
5200;
5200;
5300;
5200;
7200;
9000;
5200;
10700;
5100;
5200;
5200;
12100;
7300;
5300;
5300;
7300;
5200;
5100;
5300;
5000;
7100;
5300;
5200;
7300;
5300;
5200;
7500;
5100;
5200;
7200;
5200;
5100;
5200;
10900;
5400;
5600;
5300;
7200;
5100;
9000;
5200;
5100;
5200;
5200;
5200;
5200;
7300;
5300;
9000;
5200;
5300;
5100;
5300;
5100;
17400;
5200;
5300;
5200;
56600;
10900;
8300;
10400;
6100;
10100;
13200;
5600;
18100;
5400;
5600;
5200;
7500;
5300;
5400;
5300;
9300;
7400;
5400;
5200;
5300;
5300;
5300;
7400;
7100;
7400;
7300;
5700;
5400;
5300;
9200;
5100;
5300;
7500;
5600;
5500;
5200;
5300;
5400;
7300;
5300;
5300;
11000;
5200;
5200;
5400;
5400;
5300;
5300;
5200;
7500;
5500;
5200;
5100;
5300;
5300;
5100;
5300;
5300;
5100;
5100;
5200;
5400;
5100;
5300;
5400;
5400;
11000;
7400;
5200;
5400;
5100;
7500;
9100;
5400;
7300;
5500;
5400;
5300;
7400;
9300;
5100;
5400;
7600;
5600;
5600;
5700;
5200;
7400;
5100;
5400;
5200;
5300;
5500;
7400;
5300;
5400;
5200;
5300;
7500;
5100;
5100;
7300;
5400;
5200;
5600;
5500;
5300;
11000;
5400;
7800;
7700;
5300;
7400;
5900;
9000;
5500;
5400;
7900;
5200;
5300;
5500;
5300;
5300;
7700;
5200;
5300;
5200;
7500;
5500;
7200;
5300;
21200;
6000;
5300;
5400;
9100;
5300;
5300;
7500;
5400;
5100;
7400;
10700;
9200;
16900;
5400;
5600;
5400;
5200;
5300;
7400;
5500;
11000;
5600;
5100;
5200;
5100;
5400;
5300;
7500;
5300;
38200;
5400;
5300;
5300;
5500;
12900;
5100;
5200;
5400;
7500;
5200;
5600;
11200;
5300;
5300;
5300;
5300;
9400;
7300;
5200;
5700;
5400;
5400;
5300;
12700;
5300;
5200;
5200;
5200;
5200;
5200;
5200;
5600;
5700;
7600;
5200;
7400;
12500;
9300;
7600;
5300;
7200;
5600;
5200;
5300;
5100;
5300;
5300;
5400;
5300;
5200;
5700;
5400;
7300;
5200;
10200;
5300;
5200;
5200;
5400;
5300;
5200;
5200;
7500;
5200;
5300;
7300;
5300;
33600;
5200;
9600;
7400;
5300;
5300;
5300;
25800;
5600;
5100;
5200;
5500;
5300;
5800;
5300;
5100;
5300;
36200;
5400;
5200;
5300;
5300;
7700;
10900;
5300;
8900;
5300;
5200;
5300;
5200;
5400;
10900;
10800;
7300;
5300;
5100;
5300;
7300;
5200;
5200;
7500;
5400;
7200;
5400;
9100;
5200;
7500;
5100;
5300;
5200;
5300;
5400;
11100;
5400;
7300;
5200;
5400;
5200;
9200;
5600;
5600;
5200;
5200;
5400;
19200;
5300;
12400;
7500;
5300;
5200;
5300;
5300;
5300;
5300;
5400;
12300;
7200;
7300;
5300;
7400;
5200;
5400;
12300;
5300;
7300;
7200;
10900;
7300;
9000;
5500;
7300;
133800;
5400;
5300;
5400;
5300;
5500;
5300;
5200;
5400;
11500;
5200;
5300;
5200;
7600;
5300;
5100;
5400;
5300;
5100;
5300;
5200;
10900;
5300;
5200;
5500;
5400;
5400;
5200;
12500;
5300;
5300;
5600;
22200;
5300;
5300;
23500;
5200;
5300;
11000;
5300;
5200;
5200;
74039100;
7000;
5300;
13200;
5200;
5200;
9300;
5300;
7300;
5100;
5100;
5100;
5100;
9300;
9000;
5100;
5100;
5100;
5100;
5200;
5000;
11100;
5200;
7300;
5200;
7300;
5100;
5200;
5100;
5100;
5100;
5100;
5200;
12400;
5100;
5200;
5100;
9000;
10800;
5100;
8900;
5200;
23200;
7500;
7200;
5100;
5200;
5100;
5200;
5200;
7200;
5100;
5100;
5200;
9100;
9000;
5200;
7300;
17200;
5200;
7300;
5200;
5200;
5100;
5200;
5200;
5200;
5100;
7400;
5200;
5100;
5100;
5200;
5100;
5100;
9100;
5200;
5100;
10900;
5100;
19700;
5200;
7400;
5200;
5200;
5200;
5100;
7300;
5200;
9000;
5100;
5200;
5100;
7300;
5300;
5100;
5200;
5200;
9100;
5100;
5200;
5200;
5200;
9000;
5200;
5200;
5000;
9100;
8900;
9100;
5200;
5200;
5200;
5500;
5100;
5100;
9000;
7500;
5200;
5200;
7300;
5300;
7300;
5100;
5200;
7400;
9100;
12300;
7300;
5300;
5200;
5100;
5100;
7400;
5300;
5100;
5100;
5200;
5000;
5100;
5100;
7400;
5100;
5200;
5200;
5200;
5200;
5100;
5200;
5500;
5100;
7300;
5200;
7300;
7200;
5200;
5200;
5200;
5100;
5200;
5100;
9100;
7300;
19300;
7300;
5300;
5200;
7200;
5200;
5200;
5200;
5300;
24100;
5300;
5100;
5100;
7200;
9000;
8900;
12300;
5200;
5100;
5100;
5200;
7300;
5300;
10800;
7300;
5100;
5100;
98900;
5400;
5200;
7700;
5100;
7400;
5200;
7200;
5200;
7300;
7100;
23400;
5400;
5300;
7300;
7100;
5300;
5300;
5200;
7300;
5200;
7300;
10800;
5100;
7200;
7200;
5200;
7200;
5100;
5200;
5200;
5200;
5100;
5100;
5100;
5200;
5200;
9100;
5200;
5200;
5100;
5200;
5100;
5100;
5100;
5200;
7300;
17300;
5200;
7300;
5200;
5200;
5200;
5200;
5100;
7200;
33600;
5400;
7700;
5200;
5200;
11000;
8900;
5200;
5100;
7400;
5100;
5100;
7200;
5300;
7200;
5100;
5100;
7300;
7100;
12300;
9000;
5200;
7200;
5200;
7200;
5200;
5200;
5100;
17300;
5600;
5300;
5100;
5100;
5200;
7300;
5200;
5200;
5300;
5200;
7300;
5300;
5500;
12400;
10900;
9000;
5300;
17400;
5200;
12300;
5300;
7200;
10700;
7200;
7300;
5200;
5100;
5100;
9000;
5100;
5100;
5000;
5100;
5200;
8800;
5200;
5200;
5100;
5100;
5100;
5200;
5100;
7300;
8900;
12100;
5200;
10900;
5200;
5100;
5100;
5100;
7300;
5100;
5200;
5100;
5100;
5200;
7200;
5100;
5100;
5000;
5000;
5200;
7300;
5100;
5100;
5200;
5000;
10800;
17300;
5200;
7300;
7100;
5200;
5200;
5200;
5100;
8200;
5200;
11000;
7300;
10700;
9000;
9000;
5200;
10700;
5300;
7200;
5100;
5100;
5200;
5000;
5100;
9000;
7400;
5100;
5200;
7200;
5200;
5100;
5000;
5100;
7200;
5100;
5100;
7200;
5100;
7100;
10700;
5200;
5200;
5100;
9000;
8900;
5300;
5100;
5100;
5000;
7300;
5100;
7200;
5200;
7300;
5100;
7200;
7100;
5100;
5100;
5200;
7200;
5200;
5100;
5100;
5200;
7200;
5100;
5100;
5100;
5200;
7200;
5200;
5200;
5100;
5100;
12400;
5100;
5100;
5100;
7300;
7200;
5200;
26700;
17200;
5200;
5100;
5100;
5200;
7200;
5200;
9100;
5300;
5200;
5200;
5100;
5100;
5000;
5200;
5200;
5100;
5100;
5100;
5100;
10900;
5100;
5500;
5200;
5100;
5100;
24600;
19100;
5200;
5200;
5200;
5200;
5100;
9200;
5200;
5100;
5000;
7200;
11000;
5100;
5200;
5100;
5300;
5200;
5200;
5200;
5200;
5100;
5300;
5100;
9200;
7300;
5100;
5300;
5200;
5100;
5100;
10800;
5300;
5200;
5200;
5200;
5300;
20900;
5200;
7300;
9000;
6400;
5800;
5500;
5200;
5200;
9800;
5200;
7800;
7400;
5200;
7300;
7500;
5100;
7500;
5300;
7400;
5200;
5300;
5200;
5600;
5100;
5300;
5200;
5100;
7300;
9100;
7200;
7100;
5200;
5400;
5200;
7400;
7200;
5200;
5300;
9100;
5200;
5200;
5200;
5200;
5100;
5200;
5200;
5200;
5100;
5300;
7300;
5100;
8900;
5400;
5300;
5000;
5100;
9200;
5100;
22500;
5300;
7800;
19100;
5300;
5100;
9300;
9000;
26100;
11000;
5300;
5200;
10700;
5200;
5200;
5100;
5200;
5100;
5100;
5200;
7400;
7300;
5200;
5200;
5100;
7300;
5200;
5200;
5200;
9100;
7300;
9000;
5200;
5200;
7300;
5200;
7400;
5200;
5300;
5200;
5200;
9200;
5200;
5200;
7400;
7500;
12300;
5300;
5200;
7200;
5200;
5200;
12400;
5200;
5200;
5200;
5300;
7300;
17500;
5200;
5200;
9100;
8900;
5200;
5200;
5100;
5100;
5300;
11000;
5200;
9000;
5200;
5200;
5100;
12200;
5200;
5200;
9000;
5200;
5200;
7400;
8900;
9300;
5200;
5200;
5200;
5200;
5200;
5200;
7300;
5200;
5100;
5300;
5100;
8300;
5100;
10900;
5200;
5200;
12300;
5400;
5200;
7200;
5200;
7300;
5300;
7300;
10800;
5300;
5100;
7300;
7200;
5300;
9100;
5200;
12200;
7400;
59700;
5400;
5200;
5200;
5300;
5200;
5100;
5100;
7800;
5200;
5100;
5200;
5200;
5200;
5200;
5300;
5200;
9100;
7300;
7300;
9200;
5200;
5200;
5200;
5200;
5200;
5100;
5100;
5100;
5200;
5200;
17400;
5200;
5200;
10900;
9000;
5300;
5200;
7300;
7400;
8900;
5200;
5200;
5200;
9100;
5300;
5200;
5200;
5100;
5300;
5200;
5200;
5100;
5200;
7400;
5200;
5200;
5100;
5200;
5300;
5100;
5100;
5200;
5200;
5200;
5100;
5000;
7300;
5200;
9000;
5100;
5300;
5100;
5200;
5200;
5100;
5100;
8900;
7400;
9000;
8900;
5100;
17300;
11000;
5100;
5100;
5000;
5200;
5100;
5100;
9000;
5200;
5200;
5100;
7200;
5100;
7200;
5200;
5300;
5200;
5100;
5200;
5100;
5100;
9000;
5300;
5100;
7300;
5100;
7300;
7100;
9000;
5200;
39700;
5200;
5100;
7300;
5200;
5200;
5200;
20800;
5400;
7200;
10900;
5200;
6800;
5200;
5100;
5200;
7200;
7100;
5200;
5100;
5100;
7200;
5200;
5100;
5100;
5200;
7200;
5200;
5100;
5100;
7300;
5100;
5200;
5200;
5200;
9000;
5200;
5200;
7200;
5200;
5200;
5200;
7300;
5400;
5200;
5100;
7200;
5300;
7200;
7300;
5100;
5100;
5500;
5100;
5000;
5100;
7400;
5200;
5200;
5200;
5100;
7200;
5400;
5200;
5100;
5100;
5100;
5200;
7200;
7300;
7400;
9000;
5200;
5200;
5200;
5200;
5200;
5100;
5300;
9100;
5200;
5200;
8900;
7400;
5300;
19400;
11300;
8600;
